1075 1972 178 1972 178
1008 1847 169 1847 169
961 1755 189 1736 163
949 1757 195 1709 167
922 1693 212 1656 173
868 1574 211 1541 178
907 1663 233 1616 192
862 1561 210 1541 179
856 1534 209 1536 183
865 1580 256 1559 189
824 1497 249 1492 190
816 1470 244 1457 176
795 1423 226 1412 179
784 1419 229 1405 173
765 1355 217 1350 176
754 1321 195 1323 185
722 1286 211 1268 193
729 1301 205 1276 175
714 1267 215 1250 180
717 1287 215 1266 184
705 1275 196 1241 161
724 1303 193 1294 170
714 1282 181 1276 169
692 1252 162 1246 159
679 1240 158 1223 151
654 1200 175 1189 155
633 1149 161 1161 159
590 1081 138 1082 159
606 1116 132 1103 163
597 1091 123 1070 174
570 1029 100 1029 150
532 965 83 959 139
516 929 90 923 121
507 915 78 909 134
485 881 66 863 132
517 936 51 933 136
517 922 59 939 123
557 979 52 991 118
566 995 47 987 99
507 882 36 890 93
488 841 27 861 88
461 802 30 819 86
488 856 24 858 112
481 835 29 857 100
474 832 29 841 101
480 841 36 844 90
475 825 39 852 76
490 846 35 883 74
513 924 45 935 82
523 946 43 954 90
489 887 38 890 97
488 879 41 899 96
458 830 34 849 95
420 766 29 783 80
388 700 26 721 64
396 725 27 724 58
388 712 15 707 53
427 784 20 796 52
401 745 21 735 44
379 695 21 705 48
373 685 25 704 63
362 657 24 685 63
354 663 30 666 51
322 614 19 598 46
312 589 21 588 40
327 619 22 622 40
325 607 19 623 47
331 615 14 627 35
323 617 13 609 37
326 628 19 610 39
332 640 23 624 36
315 602 21 596 37
323 627 16 596 40
333 652 15 614 49
361 708 17 661 56
356 696 16 651 58
352 687 14 648 68
360 704 18 656 64
364 704 18 662 65
333 644 19 608 60
352 687 21 639 64
357 697 19 650 60
355 697 19 637 64
342 673 22 616 52
327 647 24 587 49
341 676 30 623 53
293 572 12 530 48
285 552 12 507 48
278 542 8 489 62
273 524 9 489 64
250 475 5 446 64
260 490 4 470 67
279 520 3 509 68
273 511 2 503 59
300 561 2 548 75
295 548 4 540 75
324 605 8 588 81
324 613 5 586 77
312 584 5 557 75
320 601 9 585 84
327 615 14 613 90
352 658 13 660 105
372 704 12 695 101
331 639 16 607 87
311 593 12 571 88
278 531 9 496 85
285 550 12 512 98
266 518 16 484 84
291 567 13 532 85
288 556 11 533 95
296 573 10 539 94
289 564 13 530 95
277 542 14 495 91
259 511 18 462 79
267 526 16 481 83
260 514 15 467 99
254 496 13 459 85
250 489 15 443 75
245 484 14 435 70
233 460 16 411 63
221 438 10 402 55
234 466 15 427 56
211 419 13 387 64
227 447 19 406 81
216 429 17 391 73
248 489 22 453 88
203 395 15 376 72
193 373 16 358 77
196 382 20 356 76
165 321 18 300 73
165 320 19 301 73
168 322 13 301 80
183 354 15 328 98
165 320 12 297 98
169 329 11 303 92
163 318 7 287 86
154 304 4 279 89
157 311 5 287 83
143 285 5 259 83
129 257 3 230 73
120 239 2 217 71
115 230 0 203 63
115 230 0 200 67
130 260 0 216 80
130 260 0 215 93
117 234 0 188 74
125 250 0 209 80
134 268 0 229 93
138 276 0 235 104
139 278 0 243 113
152 304 0 259 121
155 310 0 265 129
136 272 0 233 124
149 298 0 261 138
150 300 0 260 150
146 292 0 258 156
153 306 0 270 160
149 298 0 265 156
151 302 0 269 166
142 284 0 254 159
123 246 0 211 127
141 282 0 246 138
137 274 0 243 142
127 254 0 225 118
139 278 0 247 148
139 278 0 239 151
139 278 0 238 160
147 294 0 260 176
149 298 0 263 184
149 298 0 265 170
144 288 0 256 161
131 262 0 233 144
136 272 0 240 148
138 276 0 249 142
134 268 0 249 121
126 252 0 232 110
120 240 0 224 119
113 226 0 211 101
107 214 0 201 113
116 232 0 217 116
109 218 0 207 103
123 246 0 237 118
131 262 0 257 130
132 264 0 256 119
139 278 0 274 115
135 270 0 267 117
129 258 0 255 116
127 254 0 250 121
125 250 0 242 109
119 238 0 234 107
107 214 0 210 106
91 182 0 179 91
100 200 0 197 111
101 202 0 197 111
88 176 0 173 91
75 150 0 147 71
58 116 0 115 50
54 108 0 108 39
40 80 0 80 28
37 74 0 74 24
24 48 0 48 18
31 62 0 62 27
26 52 0 52 21
34 68 0 68 26
33 66 0 66 24
31 62 0 62 20
43 86 0 86 29
42 84 0 84 28
31 62 0 62 20
33 66 0 66 24
38 76 0 76 27
57 114 0 114 35
71 142 0 142 40
70 140 0 140 40
68 136 0 136 35
58 116 0 116 31
60 120 0 120 29
64 128 0 128 23
66 132 0 132 22
65 130 0 130 22
60 120 0 120 20
57 114 0 114 21
71 142 0 142 27
66 132 0 132 14
73 146 0 146 20
91 182 0 182 29
86 172 0 172 34
89 178 0 178 28
83 166 0 166 23
78 156 0 156 22
79 158 0 158 21
79 158 0 158 26
79 158 0 158 23
79 158 0 158 25
76 152 0 152 30
62 124 0 124 30
57 114 0 114 23
54 108 0 108 24
66 132 0 132 31
59 118 0 118 30
49 98 0 98 30
53 106 0 106 26
51 102 0 102 24
52 104 0 104 23
47 94 0 94 23
70 140 0 140 30
65 130 0 130 29
68 136 0 136 29
77 154 0 154 24
70 140 0 140 27
70 140 0 140 20
74 148 0 148 16
81 162 0 162 14
71 142 0 142 13
58 116 0 116 14
47 94 0 94 8
47 94 0 94 9
49 98 0 98 11
49 98 0 98 9
51 102 0 102 16
58 116 0 116 16
66 132 0 132 21
68 136 0 136 21
53 106 0 106 17
50 100 0 100 13
54 108 0 108 10
36 72 0 72 7
38 76 0 76 7
43 86 0 86 5
56 112 0 112 7
60 120 0 120 10
54 108 0 108 6
59 118 0 118 11
52 104 0 104 7
67 134 0 134 5
56 112 0 112 5
55 110 0 110 6
49 98 0 98 3
53 106 0 106 2
53 106 0 106 5
60 120 0 120 1
58 116 0 116 3
56 112 0 112 4
48 96 0 96 3
43 86 0 86 3
54 108 0 108 2
56 112 0 112 1
56 112 0 112 0
54 108 0 108 0
64 128 0 128 0
73 146 0 146 0
60 120 0 120 0
61 122 0 122 0
49 98 0 98 0
69 138 0 138 0
67 134 0 134 0
76 152 0 152 0
68 136 0 136 0
67 134 0 134 0
71 142 0 142 0
76 152 0 152 0
79 158 0 158 0
73 146 0 146 0
71 142 0 142 0
76 152 0 152 0
83 166 0 166 0
71 142 0 142 0
57 114 0 114 0
51 102 0 102 0
49 98 0 98 0
43 86 0 86 0
49 98 0 98 0
53 106 0 106 0
49 98 0 98 0
63 126 0 126 0
53 106 0 106 0
48 96 0 96 0
61 122 0 122 0
60 120 0 120 0
61 122 0 122 0
56 112 0 112 0
48 96 0 96 0
34 68 0 68 0
35 70 0 70 0
32 64 0 64 0
30 60 0 60 0
27 54 0 54 0
29 58 0 58 0
24 48 0 48 0
31 62 0 62 0
37 74 0 74 0
32 64 0 64 0
34 68 0 68 0
26 52 0 52 0
28 56 0 56 0
37 74 0 74 0
39 78 0 78 0
28 56 0 56 0
29 58 0 58 0
31 62 0 62 0
35 70 0 70 0
45 90 0 90 0
45 90 0 90 0
45 90 0 90 0
44 88 0 88 0
43 86 0 86 0
39 78 0 78 0
39 78 0 78 0
28 56 0 56 0
20 40 0 40 0
27 54 0 54 0
34 68 0 68 0
31 62 0 62 0
30 60 0 60 0
33 66 0 66 0
40 80 0 80 0
37 74 0 74 0
34 68 0 68 0
36 72 0 72 0
38 76 0 76 0
35 70 0 70 0
37 74 0 74 0
35 70 0 70 0
39 78 0 78 0
36 72 0 72 0
24 48 0 48 0
24 48 0 48 0
16 32 0 32 0
16 32 0 32 0
15 30 0 30 0
14 28 0 28 0
8 16 0 16 0
12 24 0 24 0
9 18 0 18 0
9 18 0 18 0
8 16 0 16 0
6 12 0 12 0
5 10 0 10 0
4 8 0 8 0
5 10 0 10 0
5 10 0 10 0
4 8 0 8 0
3 6 0 6 0
3 6 0 6 0
3 6 0 6 0
3 6 0 6 0
2 4 0 4 0
0 0 0 0 0
