1056 1946 166 1946 166
1042 1911 173 1911 173
1061 1935 162 1933 180
988 1804 151 1795 165
1022 1850 158 1847 198
1056 1902 154 1918 214
1010 1802 174 1823 188
1002 1780 191 1811 169
1063 1853 210 1909 194
1007 1767 190 1799 151
955 1676 189 1735 151
1049 1837 212 1909 182
978 1709 178 1790 178
992 1742 184 1809 164
1038 1831 210 1887 161
960 1692 213 1740 166
958 1691 218 1738 153
961 1655 228 1764 151
1022 1750 256 1865 149
963 1657 259 1758 148
987 1704 245 1795 154
983 1672 252 1802 147
1019 1757 252 1855 149
983 1687 240 1797 174
1005 1722 250 1829 184
1039 1805 254 1881 189
1082 1889 266 1981 183
1049 1845 263 1924 156
1034 1823 232 1868 135
994 1753 211 1755 129
977 1730 221 1719 134
925 1643 222 1643 112
905 1614 208 1634 99
854 1509 208 1545 80
807 1441 199 1465 72
763 1366 179 1389 58
763 1347 195 1392 69
806 1419 211 1495 68
809 1403 227 1493 62
785 1374 207 1447 59
797 1411 205 1490 59
804 1418 226 1510 52
802 1426 230 1492 52
804 1429 238 1500 57
776 1361 211 1447 56
787 1371 205 1468 42
769 1320 186 1443 37
781 1348 194 1470 37
737 1282 175 1377 34
707 1220 178 1338 42
718 1245 193 1369 42
739 1286 227 1414 42
695 1222 189 1324 42
690 1225 172 1322 47
663 1191 180 1266 56
651 1150 177 1235 58
679 1195 191 1302 58
687 1191 201 1315 70
666 1162 193 1265 61
673 1159 183 1282 54
652 1126 155 1237 43
608 1060 122 1160 43
597 1042 125 1145 42
577 1004 117 1102 44
566 983 116 1079 45
581 1005 115 1106 38
566 966 98 1076 39
551 949 96 1055 34
527 884 106 999 39
511 853 103 980 49
499 825 96 944 54
477 793 91 901 44
420 707 84 811 40
409 681 80 786 35
397 662 66 769 37
425 704 73 821 31
397 653 63 770 28
373 613 75 725 23
373 621 77 724 26
370 601 75 722 30
347 582 80 674 30
335 549 76 651 24
352 582 78 685 25
359 592 72 702 22
362 591 70 709 23
391 639 74 771 20
384 635 72 759 21
374 596 72 742 19
381 583 61 752 20
398 610 58 787 24
388 603 51 765 27
386 611 45 762 24
385 607 40 760 27
391 593 40 770 28
388 586 37 767 30
379 582 40 750 27
400 619 39 794 21
421 661 44 832 21
448 679 57 892 19
414 604 52 822 24
389 568 53 774 19
394 598 50 785 24
383 601 69 764 17
413 666 70 824 22
397 626 75 791 20
379 595 63 758 17
342 533 60 684 12
345 555 50 690 13
362 553 47 724 15
364 546 51 728 16
344 492 36 688 15
347 510 30 694 21
350 532 41 700 27
317 481 37 634 29
307 486 31 614 22
301 458 35 602 16
303 463 35 606 15
313 476 33 626 11
290 446 30 580 10
275 409 33 550 9
262 392 24 524 10
248 378 28 496 14
263 411 34 526 14
275 422 46 550 13
290 440 53 580 16
326 514 64 652 21
328 511 59 656 30
294 456 46 588 34
325 508 48 650 37
323 477 54 646 42
317 448 57 634 35
300 396 60 600 31
286 380 50 572 24
285 381 37 570 23
310 393 41 620 27
304 381 36 608 28
316 393 36 632 38
307 374 32 614 42
275 347 34 550 31
228 298 17 456 29
200 257 16 400 29
185 218 16 370 32
179 212 16 358 36
167 191 14 334 44
168 194 14 336 44
165 188 14 330 43
155 179 12 310 49
160 183 17 320 52
159 183 22 318 49
148 169 20 296 45
160 183 20 320 48
162 190 23 324 57
154 173 20 308 61
141 163 12 282 57
157 187 17 314 62
153 199 20 306 54
146 186 17 292 48
156 204 21 312 52
147 203 21 294 51
136 194 16 272 51
119 171 7 238 44
123 174 5 246 47
116 162 4 232 44
123 161 3 246 52
134 173 6 268 53
144 191 5 288 67
128 165 7 256 57
127 169 10 254 53
132 165 6 264 52
134 160 9 268 62
146 187 10 292 65
143 187 13 286 61
145 175 13 290 59
125 147 17 250 55
121 147 18 242 46
107 130 16 214 44
95 105 10 190 37
112 105 16 224 44
120 119 16 240 48
122 124 11 244 45
103 117 10 206 33
92 107 9 184 30
101 120 8 202 32
108 124 5 216 38
86 102 3 172 31
99 109 3 198 33
86 83 2 172 27
85 87 1 170 26
94 100 2 188 34
106 109 4 212 39
110 118 4 220 34
80 87 4 160 18
102 103 4 204 27
104 110 3 208 28
105 111 1 210 31
121 122 2 242 31
121 119 1 242 31
125 129 1 250 35
123 127 0 246 31
114 130 0 228 27
121 140 0 242 28
123 150 0 246 22
105 123 0 210 18
98 112 0 196 18
108 112 0 216 22
117 127 0 234 23
123 142 0 246 21
126 147 0 252 21
122 139 0 244 22
119 141 0 238 19
120 127 0 240 19
122 122 0 244 19
130 138 0 260 19
135 151 0 270 19
117 136 0 234 11
122 144 0 244 7
115 147 0 230 6
95 114 0 190 8
102 128 0 204 6
90 115 0 180 9
75 92 0 150 8
84 100 0 168 12
75 91 0 150 14
71 94 0 142 18
67 80 0 134 18
69 76 0 138 18
55 63 0 110 10
59 67 0 118 12
65 74 0 130 11
69 77 0 138 15
66 74 0 132 18
72 75 0 144 21
71 62 0 142 24
77 73 0 154 22
62 60 0 124 15
61 55 0 122 15
63 62 0 126 10
75 76 0 150 15
97 87 0 194 13
90 87 0 180 12
91 79 0 182 15
86 70 0 172 13
85 76 0 170 18
75 72 0 150 19
90 89 0 180 18
80 75 0 160 15
74 81 0 148 16
65 73 0 130 16
49 51 0 98 12
61 63 0 122 19
63 56 0 126 17
60 48 0 120 17
64 56 0 128 16
73 57 0 146 13
89 65 0 178 19
84 66 0 168 21
102 77 0 204 32
96 82 0 192 27
89 74 0 178 26
97 76 0 194 24
100 92 0 200 19
89 84 0 178 15
72 70 0 144 14
54 57 0 108 5
60 60 0 120 9
53 47 0 106 7
53 54 0 106 8
57 49 0 114 9
51 39 0 102 11
47 34 0 94 11
43 29 0 86 9
44 26 0 88 10
31 20 0 62 14
33 21 0 66 12
42 29 0 84 22
41 38 0 82 19
38 35 0 76 15
30 27 0 60 7
36 32 0 72 7
27 26 0 54 1
33 27 0 66 0
29 27 0 58 0
25 20 0 50 0
24 19 0 48 0
23 19 0 46 0
21 20 0 42 0
20 15 0 40 0
19 9 0 38 0
17 9 0 34 0
14 10 0 28 0
14 11 0 28 0
19 14 0 38 0
23 15 0 46 0
29 11 0 58 0
29 10 0 58 0
26 6 0 52 0
27 4 0 54 0
31 5 0 62 0
29 5 0 58 0
19 1 0 38 0
16 0 0 32 0
18 0 0 36 0
22 0 0 44 0
26 0 0 52 0
30 0 0 60 0
33 0 0 66 0
30 0 0 60 0
28 0 0 56 0
23 0 0 46 0
19 0 0 38 0
19 0 0 38 0
20 0 0 40 0
24 0 0 48 0
18 0 0 36 0
16 0 0 32 0
14 0 0 28 0
14 0 0 28 0
13 0 0 26 0
20 0 0 40 0
23 0 0 46 0
27 0 0 54 0
25 0 0 50 0
25 0 0 50 0
31 0 0 62 0
29 0 0 58 0
36 0 0 72 0
39 0 0 78 0
45 0 0 90 0
41 0 0 82 0
37 0 0 74 0
29 0 0 58 0
23 0 0 46 0
34 0 0 68 0
42 0 0 84 0
57 0 0 114 0
65 0 0 130 0
62 0 0 124 0
71 0 0 142 0
73 0 0 146 0
69 0 0 138 0
90 0 0 180 0
102 0 0 204 0
109 0 0 218 0
119 0 0 238 0
136 0 0 272 0
127 0 0 254 0
125 0 0 250 0
154 0 0 308 0
134 0 0 268 0
147 0 0 294 0
140 0 0 280 0
133 0 0 266 0
132 0 0 264 0
142 0 0 284 0
138 0 0 276 0
119 0 0 238 0
123 0 0 246 0
126 0 0 252 0
137 0 0 274 0
119 0 0 238 0
134 0 0 268 0
136 0 0 272 0
157 0 0 314 0
154 0 0 308 0
161 0 0 322 0
148 0 0 296 0
125 0 0 250 0
130 0 0 260 0
137 0 0 274 0
120 0 0 240 0
114 0 0 228 0
114 0 0 228 0
108 0 0 216 0
95 0 0 190 0
106 0 0 212 0
101 0 0 202 0
111 0 0 222 0
121 0 0 242 0
118 0 0 236 0
114 0 0 228 0
106 0 0 212 0
102 0 0 204 0
120 0 0 240 0
105 0 0 210 0
129 0 0 258 0
118 0 0 236 0
123 0 0 246 0
109 0 0 218 0
108 0 0 216 0
109 0 0 218 0
105 0 0 210 0
110 0 0 220 0
110 0 0 220 0
108 0 0 216 0
109 0 0 218 0
120 0 0 240 0
120 0 0 240 0
119 0 0 238 0
136 0 0 272 0
126 0 0 252 0
128 0 0 256 0
131 0 0 262 0
138 0 0 276 0
128 0 0 256 0
96 0 0 192 0
77 0 0 154 0
99 0 0 198 0
102 0 0 204 0
99 0 0 198 0
88 0 0 176 0
76 0 0 152 0
54 0 0 108 0
57 0 0 114 0
69 0 0 138 0
62 0 0 124 0
64 0 0 128 0
79 0 0 158 0
84 0 0 168 0
101 0 0 202 0
102 0 0 204 0
100 0 0 200 0
104 0 0 208 0
78 0 0 156 0
81 0 0 162 0
76 0 0 152 0
78 0 0 156 0
83 0 0 166 0
82 0 0 164 0
93 0 0 186 0
84 0 0 168 0
77 0 0 154 0
68 0 0 136 0
78 0 0 156 0
86 0 0 172 0
84 0 0 168 0
78 0 0 156 0
75 0 0 150 0
59 0 0 118 0
45 0 0 90 0
46 0 0 92 0
41 0 0 82 0
50 0 0 100 0
50 0 0 100 0
49 0 0 98 0
60 0 0 120 0
61 0 0 122 0
77 0 0 154 0
83 0 0 166 0
71 0 0 142 0
74 0 0 148 0
71 0 0 142 0
62 0 0 124 0
68 0 0 136 0
70 0 0 140 0
58 0 0 116 0
53 0 0 106 0
48 0 0 96 0
31 0 0 62 0
25 0 0 50 0
22 0 0 44 0
22 0 0 44 0
25 0 0 50 0
18 0 0 36 0
24 0 0 48 0
14 0 0 28 0
13 0 0 26 0
8 0 0 16 0
7 0 0 14 0
5 0 0 10 0
7 0 0 14 0
8 0 0 16 0
9 0 0 18 0
7 0 0 14 0
10 0 0 20 0
9 0 0 18 0
7 0 0 14 0
6 0 0 12 0
6 0 0 12 0
5 0 0 10 0
8 0 0 16 0
8 0 0 16 0
11 0 0 22 0
10 0 0 20 0
12 0 0 24 0
9 0 0 18 0
5 0 0 10 0
10 0 0 20 0
8 0 0 16 0
8 0 0 16 0
6 0 0 12 0
5 0 0 10 0
9 0 0 18 0
5 0 0 10 0
4 0 0 8 0
6 0 0 12 0
4 0 0 8 0
3 0 0 6 0
3 0 0 6 0
2 0 0 4 0
2 0 0 4 0
1 0 0 2 0
2 0 0 4 0
1 0 0 2 0
1 0 0 2 0
1 0 0 2 0
1 0 0 2 0
1 0 0 2 0
0 0 0 0 0
