1060 1934 186 1934 186
981 1793 169 1793 169
983 1809 164 1801 174
964 1783 177 1781 189
958 1786 175 1772 175
962 1790 178 1783 169
909 1688 168 1682 171
899 1654 155 1669 179
929 1716 184 1730 186
914 1689 175 1681 180
951 1773 185 1740 196
970 1815 197 1776 204
964 1803 163 1761 196
966 1805 168 1777 198
903 1687 129 1658 203
859 1605 122 1566 206
850 1582 129 1564 210
869 1620 125 1612 216
886 1641 107 1636 231
851 1585 110 1570 204
858 1606 103 1579 176
892 1670 108 1652 193
881 1649 103 1631 170
851 1571 105 1579 163
777 1438 93 1427 158
774 1417 91 1408 142
747 1375 75 1358 143
728 1339 60 1327 143
747 1374 75 1369 139
721 1342 70 1338 130
701 1296 61 1299 125
721 1335 69 1347 125
694 1297 71 1315 116
681 1290 80 1286 112
658 1253 71 1246 84
618 1185 61 1155 65
600 1165 66 1119 50
577 1123 61 1084 44
545 1062 66 1027 44
525 1019 74 975 40
550 1059 72 1026 36
543 1051 70 1016 38
500 965 73 949 29
454 877 70 872 25
464 893 72 886 22
467 907 89 892 18
457 890 93 870 21
430 838 81 823 21
416 809 72 795 16
426 825 66 824 21
435 848 74 842 32
416 810 78 808 29
419 821 77 810 35
418 815 86 814 42
433 849 87 843 44
447 877 91 872 39
487 963 96 956 39
487 962 80 957 34
477 942 94 940 30
471 936 88 929 26
451 895 75 889 25
451 894 70 891 30
448 887 70 885 36
395 782 52 784 30
374 741 43 743 31
385 761 57 764 28
379 752 49 749 20
343 675 40 682 13
338 666 34 671 12
358 705 32 708 14
386 763 33 760 12
390 764 25 763 15
387 761 25 751 10
364 715 22 714 11
384 752 23 746 12
379 744 27 738 10
408 796 28 796 7
414 807 22 808 5
435 848 18 842 4
428 838 14 838 2
430 848 8 829 2
427 840 7 820 0
406 797 10 778 0
398 780 4 752 0
410 802 3 775 0
403 794 5 767 0
398 786 5 760 0
416 826 4 799 0
393 784 2 745 0
398 795 1 761 0
392 784 0 737 0
375 750 0 698 0
370 740 0 683 0
362 724 0 667 0
378 756 0 702 0
391 782 0 727 0
399 798 0 737 0
367 734 0 681 0
325 650 0 605 0
309 618 0 576 0
348 696 0 650 0
350 700 0 645 0
321 642 0 593 0
309 618 0 569 0
321 642 0 586 0
359 718 0 640 0
340 680 0 616 0
315 630 0 580 0
318 636 0 581 0
292 584 0 536 0
281 562 0 515 0
241 482 0 429 0
211 422 0 385 0
196 392 0 357 0
211 422 0 377 0
227 454 0 393 0
224 448 0 385 0
226 452 0 388 0
200 400 0 348 0
182 364 0 319 0
170 340 0 287 0
161 322 0 279 0
158 316 0 284 0
150 300 0 275 0
154 308 0 290 0
151 302 0 281 0
133 266 0 252 0
162 324 0 304 0
147 294 0 282 0
138 276 0 270 0
135 270 0 264 0
106 212 0 206 0
98 196 0 187 0
86 172 0 162 0
79 158 0 147 0
81 162 0 143 0
67 134 0 122 0
59 118 0 101 0
63 126 0 107 0
59 118 0 102 0
47 94 0 76 0
49 98 0 85 0
54 108 0 90 0
51 102 0 85 0
65 130 0 108 0
57 114 0 93 0
65 130 0 104 0
77 154 0 130 0
65 130 0 114 0
65 130 0 119 0
62 124 0 110 0
58 116 0 101 0
51 102 0 87 0
51 102 0 88 0
55 110 0 90 0
55 110 0 81 0
47 94 0 61 0
58 116 0 81 0
44 88 0 66 0
43 86 0 66 0
40 80 0 63 0
39 78 0 60 0
46 92 0 73 0
47 94 0 77 0
40 80 0 64 0
30 60 0 49 0
31 62 0 56 0
30 60 0 56 0
35 70 0 65 0
33 66 0 59 0
23 46 0 42 0
23 46 0 45 0
14 28 0 28 0
10 20 0 20 0
9 18 0 18 0
4 8 0 8 0
3 6 0 6 0
1 2 0 2 0
1 2 0 2 0
0 0 0 0 0
