1135 2076 194 2076 194
1104 2024 184 2024 184
1080 1973 199 1972 183
1016 1837 195 1847 176
1046 1909 194 1888 190
1055 1950 160 1922 195
1049 1924 162 1894 209
1061 1967 172 1912 199
976 1823 153 1747 181
972 1793 133 1731 169
935 1720 104 1672 161
849 1580 88 1512 139
860 1573 81 1523 134
811 1466 90 1427 132
851 1546 97 1493 131
885 1612 105 1553 132
868 1578 102 1504 158
825 1500 108 1428 156
816 1490 118 1410 151
828 1511 135 1438 152
830 1524 139 1420 176
835 1528 130 1446 184
776 1419 126 1336 188
728 1335 112 1263 166
719 1312 104 1249 161
739 1363 105 1290 166
722 1327 92 1253 167
698 1289 93 1208 164
631 1154 84 1079 154
639 1160 86 1094 158
656 1188 76 1135 142
626 1139 79 1091 127
612 1106 82 1064 125
560 1002 71 973 129
504 879 67 877 117
519 909 57 889 113
507 910 53 859 114
493 865 55 829 123
466 800 50 778 129
449 761 42 764 122
422 705 40 729 109
414 693 36 714 102
430 706 38 735 102
421 672 55 734 106
410 650 53 695 112
392 607 54 672 107
390 609 61 664 120
400 616 79 698 129
414 641 91 712 119
406 622 72 707 111
392 582 69 694 99
424 622 67 740 93
461 663 85 798 104
446 659 71 764 100
424 618 85 730 97
417 580 84 695 86
448 640 93 746 86
441 624 90 744 104
422 606 82 712 94
423 606 67 711 103
394 563 69 674 97
367 538 73 636 88
369 531 91 635 90
357 525 88 611 77
339 501 81 583 69
303 444 71 529 48
282 417 65 491 37
267 408 62 466 38
271 415 59 480 38
272 416 55 477 34
265 411 50 465 41
261 392 51 461 47
242 348 49 425 46
236 330 45 414 48
224 296 40 394 48
205 276 47 350 47
224 296 59 391 58
219 289 62 388 63
217 285 56 391 60
211 280 47 373 52
204 274 44 364 40
220 284 52 395 37
205 245 50 380 28
201 260 50 367 27
217 279 44 409 27
216 269 47 412 31
190 247 31 365 28
207 267 33 395 39
189 233 30 358 34
183 232 24 344 32
178 222 26 329 25
152 185 21 276 28
167 205 24 296 17
158 183 20 281 18
153 178 27 259 14
169 201 25 269 13
175 217 27 279 18
169 215 26 276 14
180 233 23 302 13
160 197 26 271 10
162 186 32 283 12
165 189 37 281 11
165 180 38 280 9
150 173 47 260 6
155 173 54 270 9
149 174 58 262 10
148 174 58 266 10
135 131 55 237 10
125 119 52 214 10
127 114 51 217 9
127 113 53 213 11
123 101 36 207 7
115 90 34 199 11
109 90 39 192 10
114 97 40 205 11
113 94 39 195 13
97 76 31 170 11
100 77 41 177 14
92 65 42 161 11
91 54 30 158 13
79 49 25 140 9
80 49 26 134 10
68 44 26 103 8
66 35 25 102 10
67 34 23 98 12
60 34 21 82 10
63 40 14 91 14
62 40 12 92 18
63 41 15 95 17
50 35 10 73 11
48 33 13 74 8
43 21 12 58 5
42 19 17 55 6
56 29 19 75 11
53 25 18 64 11
61 27 16 66 10
72 28 25 80 15
67 27 17 72 16
70 35 15 65 16
62 30 10 50 12
64 29 7 52 11
59 26 9 53 10
54 29 7 42 8
51 21 7 41 4
48 19 9 36 6
48 13 9 36 4
41 12 4 27 3
35 11 4 17 6
33 12 7 20 3
34 10 10 21 2
46 12 9 29 5
47 14 6 24 5
39 13 6 21 2
38 8 4 15 0
40 9 7 20 0
48 10 8 23 0
48 11 7 27 0
50 8 8 21 0
54 10 7 21 0
47 10 6 18 0
40 13 3 11 0
42 20 1 12 0
39 23 2 9 0
32 22 0 6 0
33 22 0 5 0
31 22 0 4 0
21 13 0 1 0
22 12 0 1 0
15 10 0 1 0
10 6 0 1 0
9 6 0 1 0
9 4 0 1 0
7 4 0 1 0
7 1 0 0 0
9 3 0 0 0
9 2 0 0 0
10 3 0 0 0
10 2 0 0 0
5 1 0 0 0
2 1 0 0 0
3 1 0 0 0
5 1 0 0 0
3 0 0 0 0
2 0 0 0 0
3 0 0 0 0
0 0 0 0 0
