1062 2000 124 2000 124
1097 2076 118 2076 118
1051 1983 120 1988 131
1039 1972 123 1965 140
1053 1998 132 2001 148
1023 1947 136 1947 132
1006 1904 119 1912 143
1009 1934 105 1923 144
947 1803 101 1813 120
914 1731 88 1756 125
914 1723 102 1749 113
917 1733 117 1748 112
949 1791 125 1807 107
922 1727 114 1751 97
914 1685 100 1723 99
958 1767 88 1805 100
942 1739 69 1781 119
921 1720 69 1729 111
903 1683 84 1700 105
876 1642 91 1657 115
898 1685 90 1689 129
900 1693 105 1689 115
927 1751 133 1746 133
911 1733 134 1716 134
904 1723 141 1687 131
905 1736 131 1681 133
870 1672 133 1635 127
890 1715 140 1678 129
894 1728 132 1692 122
843 1635 113 1591 116
811 1565 113 1525 104
848 1640 113 1592 106
865 1681 141 1632 113
877 1701 142 1658 109
831 1604 145 1572 89
808 1546 138 1523 83
763 1470 135 1442 83
738 1419 137 1383 73
735 1403 126 1388 83
728 1383 133 1385 81
736 1397 135 1398 90
776 1466 142 1460 87
757 1407 145 1420 78
768 1415 158 1435 82
773 1425 170 1460 61
737 1335 165 1391 62
764 1367 154 1447 63
692 1254 164 1316 59
686 1260 165 1306 65
697 1290 182 1315 78
655 1213 161 1241 71
644 1188 153 1216 72
647 1196 172 1218 70
654 1218 179 1234 66
677 1263 198 1270 75
667 1237 217 1232 85
686 1279 235 1286 79
677 1266 254 1258 62
636 1180 237 1188 66
606 1108 217 1127 76
611 1119 231 1155 60
606 1100 230 1141 54
580 1045 214 1085 53
523 953 196 970 47
515 932 197 958 37
505 921 187 936 50
510 918 204 947 51
500 894 205 919 55
501 908 229 934 55
484 886 226 900 45
477 861 214 883 49
492 888 211 897 47
441 807 200 805 50
445 822 199 805 49
414 774 188 742 47
396 742 176 702 61
364 693 140 629 52
338 644 130 587 51
343 653 150 606 52
334 637 149 584 41
346 653 153 614 50
334 620 150 592 50
361 671 191 649 53
348 654 180 617 45
372 702 202 680 34
378 720 203 693 46
378 730 216 687 37
397 771 234 726 34
386 742 241 711 36
391 757 257 731 37
376 727 258 690 34
376 729 249 700 34
389 757 257 734 39
408 782 289 767 45
412 788 303 774 54
418 799 285 777 51
413 796 250 770 43
403 777 252 756 38
367 704 210 690 30
331 618 192 624 33
325 608 214 617 36
311 588 197 586 29
308 579 201 579 27
292 543 179 555 26
284 533 198 537 24
282 530 193 537 24
257 485 195 495 26
230 435 165 445 25
249 480 181 486 29
252 485 181 493 31
265 506 207 519 30
267 505 195 525 28
261 492 186 509 22
230 438 170 444 26
240 451 188 465 21
271 507 211 527 25
283 530 248 546 32
274 515 242 529 25
245 464 239 474 20
225 426 236 437 15
234 442 249 450 20
246 456 236 463 26
244 464 241 457 28
247 468 224 457 30
221 421 209 414 31
206 392 203 390 28
224 429 217 421 28
213 413 200 402 30
229 441 229 430 30
205 390 215 383 28
236 454 252 430 32
250 482 274 458 43
235 452 255 427 42
244 470 274 433 43
230 437 278 411 34
239 451 302 430 42
252 475 344 450 42
272 517 374 473 42
245 461 350 413 37
238 454 350 405 28
248 470 370 425 31
237 442 353 388 37
209 389 322 347 36
218 407 348 363 37
223 409 366 371 37
218 403 354 363 40
200 364 331 325 45
213 398 350 359 40
228 429 361 386 49
209 398 327 357 44
214 407 329 373 29
196 372 309 341 23
200 384 313 355 14
199 383 314 350 18
187 356 305 321 18
166 312 265 286 12
150 285 253 260 8
147 277 240 255 13
167 317 268 278 13
159 302 251 261 17
160 294 258 269 11
156 281 249 253 10
151 267 247 243 8
154 274 255 250 6
155 274 253 256 2
155 269 252 255 1
144 251 242 237 0
150 266 242 246 0
170 303 278 267 0
148 259 238 226 0
144 248 234 223 0
123 216 209 182 0
117 197 200 177 0
125 214 203 188 0
147 251 237 216 0
155 268 238 214 0
170 289 271 251 0
181 309 301 274 0
184 303 299 279 0
182 299 281 287 0
168 279 256 258 0
192 323 291 298 0
212 345 304 327 0
225 365 322 341 0
204 325 294 306 0
187 303 299 288 0
187 305 315 290 0
212 362 352 338 0
220 376 353 352 0
215 367 348 352 0
184 328 288 292 0
174 300 278 275 0
185 300 296 290 0
169 281 264 270 0
191 316 291 301 0
197 310 299 303 0
183 296 271 280 0
179 295 259 270 0
190 322 266 282 0
186 307 253 276 0
185 307 252 268 0
186 312 241 262 0
173 286 208 244 0
173 293 202 252 0
150 250 169 240 0
133 229 163 210 0
134 236 172 217 0
128 230 166 198 0
145 265 195 236 0
128 240 171 212 0
114 214 140 186 0
96 181 128 153 0
89 172 118 148 0
85 163 117 142 0
76 145 102 117 0
79 155 107 119 0
70 137 98 103 0
77 151 104 111 0
66 131 98 90 0
64 127 97 83 0
58 116 92 80 0
56 112 88 84 0
58 116 87 87 0
56 112 90 77 0
50 100 86 70 0
61 122 106 86 0
62 124 111 90 0
73 146 131 99 0
83 166 146 109 0
91 182 167 127 0
95 190 173 144 0
84 168 152 124 0
77 154 145 120 0
89 178 171 134 0
92 184 178 130 0
88 176 174 124 0
77 154 153 106 0
69 138 138 88 0
67 134 134 83 0
72 144 144 89 0
69 138 138 78 0
75 150 150 82 0
88 176 176 95 0
79 158 158 90 0
76 152 152 80 0
71 142 142 93 0
63 126 126 80 0
63 126 126 81 0
69 138 138 90 0
74 148 148 96 0
73 146 146 100 0
53 106 106 78 0
66 132 132 99 0
71 142 142 111 0
67 134 134 107 0
65 130 130 103 0
69 138 138 116 0
57 114 114 99 0
66 132 132 100 0
60 120 120 94 0
69 138 138 108 0
73 146 146 109 0
63 126 126 94 0
70 140 140 107 0
68 136 136 101 0
75 150 150 105 0
80 160 160 116 0
76 152 152 109 0
74 148 148 113 0
71 142 142 116 0
61 122 122 106 0
65 130 130 112 0
93 186 186 156 0
89 178 178 144 0
94 188 188 148 0
92 184 184 151 0
91 182 182 148 0
84 168 168 134 0
80 160 160 123 0
73 146 146 105 0
75 150 150 108 0
61 122 122 90 0
60 120 120 101 0
59 118 118 106 0
65 130 130 119 0
67 134 134 128 0
61 122 122 114 0
74 148 148 139 0
82 164 164 147 0
88 176 176 153 0
80 160 160 145 0
80 160 160 142 0
82 164 164 146 0
93 186 186 172 0
103 206 206 187 0
108 216 216 193 0
106 212 212 191 0
115 230 230 205 0
136 272 272 246 0
146 292 292 267 0
128 256 256 234 0
114 228 228 213 0
137 274 274 256 0
160 320 320 293 0
149 298 298 272 0
148 296 296 274 0
162 324 324 301 0
166 332 332 309 0
190 380 380 355 0
162 324 324 301 0
160 320 320 298 0
161 322 322 299 0
170 340 340 319 0
169 338 338 314 0
167 334 334 311 0
144 288 288 260 0
161 322 322 296 0
163 326 326 303 0
166 332 332 305 0
157 314 314 288 0
156 312 312 287 0
150 300 300 262 0
136 272 272 243 0
120 240 240 209 0
112 224 224 194 0
99 198 198 170 0
104 208 208 174 0
107 214 214 167 0
103 206 206 162 0
101 202 202 148 0
80 160 160 110 0
84 168 168 117 0
74 148 148 101 0
74 148 148 96 0
82 164 164 103 0
75 150 150 87 0
77 154 154 88 0
74 148 148 76 0
70 140 140 68 0
67 134 134 54 0
65 130 130 40 0
61 122 122 40 0
60 120 120 38 0
65 130 130 47 0
71 142 142 46 0
79 158 158 47 0
81 162 162 50 0
79 158 158 53 0
97 194 194 66 0
96 192 192 60 0
78 156 156 48 0
63 126 126 29 0
55 110 110 28 0
65 130 130 25 0
65 130 130 22 0
65 130 130 21 0
70 140 140 17 0
81 162 162 17 0
76 152 152 19 0
90 180 180 28 0
87 174 174 28 0
101 202 202 36 0
83 166 166 29 0
77 154 154 30 0
66 132 132 21 0
62 124 124 26 0
72 144 144 21 0
62 124 124 16 0
65 130 130 17 0
57 114 114 17 0
60 120 120 19 0
62 124 124 25 0
60 120 120 25 0
57 114 114 29 0
54 108 108 22 0
56 112 112 18 0
58 116 116 17 0
52 104 104 12 0
54 108 108 9 0
57 114 114 14 0
72 144 144 17 0
74 148 148 19 0
81 162 162 16 0
80 160 160 13 0
101 202 202 24 0
82 164 164 18 0
75 150 150 18 0
63 126 126 17 0
82 164 164 25 0
87 174 174 37 0
102 204 204 49 0
84 168 168 49 0
95 190 190 55 0
107 214 214 56 0
103 206 206 52 0
92 184 184 48 0
97 194 194 57 0
94 188 188 57 0
92 184 184 59 0
103 206 206 68 0
109 218 218 63 0
108 216 216 46 0
110 220 220 56 0
104 208 208 55 0
100 200 200 52 0
110 220 220 61 0
117 234 234 80 0
102 204 204 78 0
88 176 176 73 0
92 184 184 85 0
101 202 202 95 0
126 252 252 134 0
131 262 262 127 0
141 282 282 145 0
159 318 318 161 0
184 368 368 187 0
189 378 378 203 0
202 404 404 200 0
196 392 392 217 0
202 404 404 244 0
187 374 374 227 0
193 386 386 238 0
166 332 332 209 0
158 316 316 194 0
131 262 262 183 0
125 250 250 173 0
103 206 206 138 0
88 176 176 111 0
79 158 158 96 0
86 172 172 112 0
84 168 168 114 0
83 166 166 122 0
81 162 162 115 0
75 150 150 101 0
68 136 136 91 0
55 110 110 72 0
66 132 132 89 0
63 126 126 87 0
55 110 110 76 0
53 106 106 67 0
40 80 80 49 0
32 64 64 33 0
25 50 50 27 0
21 42 42 25 0
17 34 34 14 0
27 54 54 18 0
19 38 38 13 0
14 28 28 11 0
20 40 40 19 0
28 56 56 28 0
22 44 44 19 0
22 44 44 16 0
19 38 38 13 0
23 46 46 19 0
22 44 44 21 0
29 58 58 24 0
38 76 76 37 0
44 88 88 47 0
38 76 76 43 0
33 66 66 36 0
27 54 54 25 0
28 56 56 22 0
31 62 62 25 0
18 36 36 17 0
22 44 44 22 0
26 52 52 26 0
26 52 52 29 0
21 42 42 25 0
24 48 48 26 0
27 54 54 30 0
29 58 58 27 0
21 42 42 18 0
25 50 50 23 0
24 48 48 22 0
21 42 42 21 0
21 42 42 20 0
21 42 42 15 0
19 38 38 16 0
19 38 38 10 0
15 30 30 8 0
19 38 38 13 0
21 42 42 17 0
16 32 32 16 0
18 36 36 19 0
14 28 28 15 0
13 26 26 13 0
12 24 24 11 0
6 12 12 6 0
4 8 8 5 0
4 8 8 6 0
4 8 8 3 0
0 0 0 0 0
