1109 2114 104 2114 104
1043 1983 103 1983 103
1031 1966 112 1963 108
1044 2002 122 1987 111
1061 2053 108 2037 111
1036 2016 107 1991 104
959 1867 92 1845 98
990 1919 80 1903 87
1002 1931 89 1930 100
984 1910 97 1894 116
949 1830 92 1829 114
942 1816 91 1819 106
931 1797 93 1805 103
917 1770 79 1772 98
923 1779 70 1787 96
893 1722 74 1738 101
817 1595 67 1590 105
767 1493 65 1493 86
719 1404 66 1399 77
716 1393 67 1399 65
717 1386 75 1393 70
716 1382 76 1379 72
649 1247 65 1252 66
650 1246 68 1242 57
635 1224 53 1226 61
658 1269 44 1275 66
648 1251 41 1259 80
625 1198 45 1211 62
597 1134 46 1150 53
568 1073 40 1090 57
524 994 34 995 69
537 1020 31 1026 57
566 1078 23 1087 57
555 1054 16 1061 59
573 1086 14 1103 58
548 1044 10 1065 61
540 1022 14 1049 49
552 1039 16 1071 47
577 1097 22 1122 55
580 1103 25 1130 56
570 1092 30 1120 62
559 1070 27 1084 74
517 982 17 999 69
518 977 13 1002 90
491 927 17 945 90
462 859 9 897 72
470 892 11 915 86
479 910 13 934 84
467 896 9 912 86
479 930 7 939 81
423 828 4 822 63
396 778 2 766 52
399 783 3 779 52
394 783 3 772 47
377 747 11 744 39
334 662 5 660 32
297 591 4 589 33
290 575 5 576 30
316 625 6 629 38
299 591 8 595 39
277 550 5 549 41
278 553 6 551 29
250 497 6 494 34
248 495 6 489 27
221 442 6 438 21
212 424 9 419 20
189 378 7 375 10
176 352 7 351 13
161 322 8 322 11
137 274 8 274 7
135 270 3 270 12
112 224 2 224 9
109 218 1 218 10
129 258 0 258 19
127 254 0 254 17
108 216 0 216 8
119 238 0 238 8
126 252 0 252 6
109 218 0 218 5
103 206 0 206 5
110 220 0 220 5
113 226 0 226 7
135 270 0 270 6
122 244 0 244 11
120 240 0 240 14
117 234 0 234 15
110 220 0 220 8
104 208 0 208 9
104 208 0 208 11
105 210 0 210 8
106 212 0 212 11
113 226 0 226 11
119 238 0 238 11
100 200 0 200 7
82 164 0 164 10
76 152 0 152 8
78 156 0 156 9
76 152 0 152 10
86 172 0 172 9
80 160 0 160 3
96 192 0 192 3
85 170 0 170 3
88 176 0 176 10
80 160 0 160 14
89 178 0 178 19
81 162 0 162 16
74 148 0 148 13
79 158 0 158 15
61 122 0 122 17
66 132 0 132 22
68 136 0 136 12
59 118 0 118 13
68 136 0 136 15
70 140 0 140 17
73 146 0 146 18
72 144 0 144 24
61 122 0 122 16
66 132 0 132 18
68 136 0 136 22
59 118 0 118 18
57 114 0 114 23
42 84 0 84 15
44 88 0 88 11
44 88 0 88 9
45 90 0 90 8
47 94 0 94 9
40 80 0 80 10
40 80 0 80 15
35 70 0 70 10
32 64 0 64 11
33 66 0 66 8
34 68 0 68 10
33 66 0 66 8
34 68 0 68 8
33 66 0 66 8
42 84 0 84 9
34 68 0 68 6
43 86 0 86 6
51 102 0 102 7
46 92 0 92 4
48 96 0 96 7
33 66 0 66 3
32 64 0 64 5
38 76 0 76 3
28 56 0 56 1
33 66 0 66 1
32 64 0 64 0
38 76 0 76 0
37 74 0 74 0
36 72 0 72 0
40 80 0 80 0
36 72 0 72 0
38 76 0 76 0
45 90 0 90 0
48 96 0 96 0
42 84 0 84 0
50 100 0 100 0
56 112 0 112 0
63 126 0 126 0
64 128 0 128 0
64 128 0 128 0
54 108 0 108 0
53 106 0 106 0
49 98 0 98 0
39 78 0 78 0
41 82 0 82 0
41 82 0 82 0
36 72 0 72 0
36 72 0 72 0
34 68 0 68 0
39 78 0 78 0
40 80 0 80 0
34 68 0 68 0
31 62 0 62 0
26 52 0 52 0
20 40 0 40 0
15 30 0 30 0
19 38 0 38 0
21 42 0 42 0
18 36 0 36 0
17 34 0 34 0
18 36 0 36 0
20 40 0 40 0
29 58 0 58 0
32 64 0 64 0
28 56 0 56 0
25 50 0 50 0
33 66 0 66 0
38 76 0 76 0
35 70 0 70 0
28 56 0 56 0
27 54 0 54 0
23 46 0 46 0
18 36 0 36 0
23 46 0 46 0
22 44 0 44 0
15 30 0 30 0
10 20 0 20 0
11 22 0 22 0
15 30 0 30 0
10 20 0 20 0
10 20 0 20 0
9 18 0 18 0
11 22 0 22 0
11 22 0 22 0
14 28 0 28 0
16 32 0 32 0
16 32 0 32 0
12 24 0 24 0
10 20 0 20 0
9 18 0 18 0
12 24 0 24 0
12 24 0 24 0
13 26 0 26 0
10 20 0 20 0
9 18 0 18 0
8 16 0 16 0
10 20 0 20 0
17 34 0 34 0
17 34 0 34 0
8 16 0 16 0
13 26 0 26 0
11 22 0 22 0
9 18 0 18 0
7 14 0 14 0
5 10 0 10 0
4 8 0 8 0
0 0 0 0 0
