1040 1962 118 1962 118
1040 1965 115 1965 115
1011 1892 103 1894 120
1048 1967 125 1964 126
1027 1918 114 1921 136
1096 2039 104 2052 116
1087 1993 87 2032 132
1060 1935 76 1999 119
1027 1874 75 1930 110
1038 1891 74 1959 118
1013 1845 83 1896 112
984 1782 79 1824 107
958 1737 61 1798 100
960 1755 59 1815 104
925 1701 67 1735 100
939 1720 75 1763 101
931 1707 65 1750 99
913 1675 63 1719 102
868 1585 69 1639 93
855 1549 63 1606 97
844 1532 54 1587 98
856 1554 69 1613 92
825 1501 60 1547 89
767 1405 49 1447 89
761 1390 53 1428 90
686 1238 43 1286 61
747 1348 45 1399 72
738 1319 38 1390 74
745 1330 45 1400 78
695 1235 51 1313 66
688 1223 49 1295 65
671 1180 41 1253 60
609 1067 39 1142 50
610 1041 46 1153 42
590 1025 41 1109 47
563 975 37 1070 49
605 1024 48 1147 50
626 1045 56 1184 58
626 1031 38 1184 63
592 948 26 1124 70
532 874 25 1010 71
527 861 25 999 66
489 783 22 927 68
514 810 30 972 68
513 803 38 975 72
508 774 41 968 67
494 756 46 933 56
490 750 43 927 52
467 713 41 894 53
398 623 38 761 46
378 602 31 713 53
369 597 33 699 58
350 566 29 666 59
345 541 26 668 61
326 517 35 631 69
294 456 24 565 61
263 415 24 506 46
257 416 20 495 52
260 420 22 494 41
277 442 20 534 55
271 431 20 518 67
266 428 15 513 74
254 405 13 484 81
255 412 9 485 92
237 382 13 458 84
212 333 19 413 78
205 328 14 394 88
203 328 12 388 87
207 333 10 398 99
182 305 3 346 85
171 280 1 327 74
162 261 1 307 56
158 256 0 292 55
160 264 0 290 60
175 293 0 309 63
189 298 0 340 59
184 300 0 330 57
167 288 0 294 53
179 303 0 320 59
172 294 0 305 58
183 312 0 325 73
169 288 0 302 77
175 293 0 311 84
164 277 0 299 79
174 307 0 320 84
156 272 0 282 70
143 250 0 261 48
136 238 0 248 44
134 237 0 247 44
155 276 0 292 50
145 255 0 271 46
147 259 0 278 45
163 291 0 305 52
183 316 0 343 58
165 291 0 308 50
155 271 0 298 58
160 281 0 311 66
147 257 0 285 61
140 239 0 272 65
140 234 0 275 63
150 257 0 292 68
143 250 0 281 63
132 223 0 260 57
134 235 0 263 56
121 207 0 239 57
104 175 0 205 44
110 188 0 217 47
108 181 0 213 55
109 180 0 216 64
118 196 0 233 68
125 215 0 250 75
129 230 0 258 76
154 272 0 308 74
197 350 0 394 108
170 298 0 340 82
167 295 0 334 87
159 283 0 318 85
146 257 0 292 73
123 207 0 246 69
120 200 0 240 73
130 221 0 260 74
135 244 0 270 68
138 249 0 276 77
127 221 0 254 84
122 215 0 244 81
135 232 0 270 98
127 214 0 254 94
136 217 0 272 114
146 233 0 292 114
139 207 0 278 111
147 211 0 294 115
137 202 0 274 104
145 216 0 290 97
156 249 0 312 109
147 226 0 294 93
164 266 0 328 108
185 285 0 370 140
191 286 0 382 155
205 299 0 410 168
203 289 0 406 163
214 308 0 428 177
222 328 0 444 182
211 319 0 422 188
243 361 0 486 201
239 341 0 478 200
231 320 0 462 192
240 330 0 480 213
224 300 0 448 202
215 283 0 430 176
222 298 0 444 189
228 301 0 456 198
216 289 0 432 172
206 271 0 412 156
201 283 0 402 148
191 268 0 382 130
196 280 0 392 146
195 263 0 390 153
200 269 0 400 159
164 214 0 328 147
168 218 0 336 144
161 212 0 322 129
177 228 0 354 134
185 246 0 370 147
187 234 0 374 134
201 238 0 402 144
212 240 0 424 142
203 254 0 406 137
182 220 0 364 108
185 224 0 370 97
177 196 0 354 97
180 196 0 360 91
166 184 0 332 90
160 181 0 320 99
167 174 0 334 91
173 185 0 346 85
172 187 0 344 88
181 191 0 362 98
184 200 0 368 97
192 203 0 384 82
179 179 0 358 89
161 163 0 322 70
146 151 0 292 58
156 171 0 312 60
162 185 0 324 64
173 193 0 346 67
165 184 0 330 63
161 190 0 322 49
152 167 0 304 40
154 171 0 308 39
151 155 0 302 39
122 124 0 244 34
110 124 0 220 34
123 141 0 246 41
119 131 0 238 38
107 126 0 214 32
94 109 0 188 23
85 93 0 170 21
95 102 0 190 22
116 134 0 232 25
124 138 0 248 23
121 142 0 242 18
113 141 0 226 15
105 121 0 210 15
103 120 0 206 15
108 139 0 216 18
100 125 0 200 17
94 126 0 188 16
78 109 0 156 15
80 102 0 160 18
78 92 0 156 16
66 78 0 132 17
67 74 0 134 17
70 76 0 140 29
84 88 0 168 37
78 78 0 156 35
69 63 0 138 33
62 63 0 124 30
65 70 0 130 33
78 85 0 156 40
103 106 0 206 54
87 83 0 174 43
83 84 0 166 48
91 97 0 182 63
106 122 0 212 74
90 91 0 180 68
99 95 0 198 81
93 84 0 186 76
87 85 0 174 79
82 81 0 164 76
85 98 0 170 63
80 91 0 160 61
89 115 0 178 73
89 115 0 178 80
70 83 0 140 64
78 102 0 156 68
92 121 0 184 80
93 123 0 186 85
83 111 0 166 86
72 88 0 144 81
65 79 0 130 68
71 91 0 142 74
77 118 0 154 72
62 97 0 124 54
58 90 0 116 53
78 112 0 156 72
85 130 0 170 81
75 119 0 150 69
75 127 0 150 74
86 142 0 172 89
91 149 0 182 85
107 175 0 214 98
102 168 0 204 90
103 171 0 206 83
104 179 0 208 76
82 137 0 164 59
72 119 0 144 60
72 122 0 144 57
70 121 0 140 44
83 138 0 166 51
92 163 0 184 55
94 167 0 188 51
86 152 0 172 38
89 157 0 178 42
92 167 0 184 38
123 221 0 246 58
125 226 0 250 52
138 247 0 276 54
119 212 0 238 44
130 227 0 260 39
158 270 0 316 44
166 272 0 332 41
164 264 0 328 38
157 257 0 314 35
184 301 0 368 50
183 299 0 366 44
183 294 0 366 44
182 287 0 364 48
161 241 0 322 49
169 261 0 338 46
168 257 0 336 57
155 242 0 310 62
162 256 0 324 70
159 246 0 318 69
166 265 0 332 82
158 258 0 316 78
144 243 0 288 71
125 207 0 250 65
140 236 0 280 73
144 252 0 288 64
133 234 0 266 59
117 204 0 234 53
102 182 0 204 39
104 178 0 208 44
111 184 0 222 39
96 155 0 192 28
103 167 0 206 32
113 182 0 226 42
113 191 0 226 33
116 192 0 232 32
109 168 0 218 26
99 153 0 198 18
97 151 0 194 13
94 143 0 188 20
101 162 0 202 13
94 148 0 188 14
106 171 0 212 17
109 166 0 218 19
121 192 0 242 12
123 196 0 246 14
134 221 0 268 20
111 174 0 222 13
94 137 0 188 13
95 150 0 190 11
85 133 0 170 6
102 159 0 204 3
87 132 0 174 5
88 121 0 176 14
102 132 0 204 20
101 125 0 202 8
102 115 0 204 2
93 96 0 186 2
92 99 0 184 1
87 106 0 174 1
89 95 0 178 1
75 86 0 150 1
89 96 0 178 0
98 96 0 196 0
96 94 0 192 0
93 89 0 186 0
77 64 0 154 0
80 68 0 160 0
80 59 0 160 0
89 67 0 178 0
90 56 0 180 0
91 53 0 182 0
70 31 0 140 0
86 36 0 172 0
84 34 0 168 0
69 35 0 138 0
75 39 0 150 0
92 41 0 184 0
94 47 0 188 0
90 44 0 180 0
81 44 0 162 0
61 36 0 122 0
63 41 0 126 0
60 33 0 120 0
54 33 0 108 0
51 27 0 102 0
49 18 0 98 0
43 16 0 86 0
36 11 0 72 0
40 6 0 80 0
30 7 0 60 0
35 7 0 70 0
40 8 0 80 0
41 11 0 82 0
46 13 0 92 0
43 15 0 86 0
46 18 0 92 0
56 26 0 112 0
56 24 0 112 0
57 29 0 114 0
52 34 0 104 0
62 40 0 124 0
66 44 0 132 0
68 46 0 136 0
71 42 0 142 0
73 53 0 146 0
69 61 0 138 0
81 80 0 162 0
81 86 0 162 0
83 84 0 166 0
84 81 0 168 0
79 91 0 158 0
72 75 0 144 0
79 74 0 158 0
86 86 0 172 0
88 88 0 176 0
78 78 0 156 0
71 72 0 142 0
70 69 0 140 0
74 75 0 148 0
68 65 0 136 0
65 57 0 130 0
58 42 0 116 0
77 63 0 154 0
76 59 0 152 0
82 54 0 164 0
88 50 0 176 0
94 52 0 188 0
86 34 0 172 0
77 26 0 154 0
73 16 0 146 0
78 19 0 156 0
68 13 0 136 0
62 14 0 124 0
55 9 0 110 0
53 9 0 106 0
50 9 0 100 0
42 7 0 84 0
42 6 0 84 0
43 7 0 86 0
39 8 0 78 0
44 17 0 88 0
43 16 0 86 0
44 19 0 88 0
51 25 0 102 0
54 22 0 108 0
49 19 0 98 0
52 20 0 104 0
47 20 0 94 0
49 20 0 98 0
42 16 0 84 0
42 11 0 84 0
40 8 0 80 0
41 9 0 82 0
53 13 0 106 0
56 9 0 112 0
59 5 0 118 0
56 3 0 112 0
45 3 0 90 0
49 3 0 98 0
52 5 0 104 0
50 9 0 100 0
57 13 0 114 0
58 13 0 116 0
70 19 0 140 0
71 17 0 142 0
72 16 0 144 0
84 21 0 168 0
89 14 0 178 0
98 23 0 196 0
110 25 0 220 0
101 25 0 202 0
104 21 0 208 0
100 20 0 200 0
107 19 0 214 0
95 18 0 190 0
105 17 0 210 0
107 14 0 214 0
99 10 0 198 0
91 12 0 182 0
105 14 0 210 0
93 14 0 186 0
94 13 0 188 0
90 13 0 180 0
91 18 0 182 0
86 26 0 172 0
82 26 0 164 0
79 18 0 158 0
74 15 0 148 0
86 16 0 172 0
90 21 0 180 0
83 23 0 166 0
88 31 0 176 0
82 25 0 164 0
66 21 0 132 0
65 22 0 130 0
65 23 0 130 0
71 18 0 142 0
68 21 0 136 0
60 18 0 120 0
48 15 0 96 0
46 10 0 92 0
47 14 0 94 0
44 11 0 88 0
31 6 0 62 0
26 7 0 52 0
29 5 0 58 0
30 2 0 60 0
27 1 0 54 0
32 2 0 64 0
36 1 0 72 0
32 1 0 64 0
28 1 0 56 0
31 1 0 62 0
45 0 0 90 0
37 0 0 74 0
56 0 0 112 0
49 0 0 98 0
51 0 0 102 0
55 0 0 110 0
63 0 0 126 0
59 0 0 118 0
62 0 0 124 0
60 0 0 120 0
51 0 0 102 0
47 0 0 94 0
45 0 0 90 0
39 0 0 78 0
35 0 0 70 0
38 0 0 76 0
51 0 0 102 0
57 0 0 114 0
47 0 0 94 0
41 0 0 82 0
45 0 0 90 0
46 0 0 92 0
47 0 0 94 0
52 0 0 104 0
48 0 0 96 0
48 0 0 96 0
47 0 0 94 0
51 0 0 102 0
50 0 0 100 0
54 0 0 108 0
42 0 0 84 0
64 0 0 128 0
69 0 0 138 0
59 0 0 118 0
46 0 0 92 0
44 0 0 88 0
47 0 0 94 0
39 0 0 78 0
40 0 0 80 0
37 0 0 74 0
37 0 0 74 0
38 0 0 76 0
38 0 0 76 0
39 0 0 78 0
53 0 0 106 0
61 0 0 122 0
70 0 0 140 0
68 0 0 136 0
70 0 0 140 0
77 0 0 154 0
75 0 0 150 0
66 0 0 132 0
57 0 0 114 0
52 0 0 104 0
42 0 0 84 0
44 0 0 88 0
59 0 0 118 0
55 0 0 110 0
51 0 0 102 0
32 0 0 64 0
28 0 0 56 0
30 0 0 60 0
21 0 0 42 0
10 0 0 20 0
6 0 0 12 0
4 0 0 8 0
1 0 0 2 0
0 0 0 0 0
