1061 2012 110 2012 110
1012 1918 106 1918 106
1002 1920 99 1912 89
1012 1937 100 1931 98
999 1911 103 1899 96
1027 1971 117 1946 108
1011 1947 122 1929 96
1009 1945 106 1930 91
1000 1924 105 1918 105
986 1899 110 1895 107
1025 1980 120 1985 123
1007 1942 130 1954 117
1049 2029 148 2045 97
1049 2030 157 2049 116
1045 2029 144 2043 118
1032 2003 147 2026 107
1035 1999 158 2025 99
1053 2041 163 2056 118
986 1904 157 1919 93
998 1934 156 1956 103
1009 1962 146 1985 97
1022 1989 140 1999 120
972 1888 110 1910 116
935 1819 118 1845 101
923 1795 129 1811 101
905 1761 138 1781 86
851 1659 125 1676 78
891 1733 165 1753 74
868 1679 165 1698 72
873 1687 171 1709 72
816 1570 151 1598 73
826 1584 161 1619 78
786 1505 166 1542 83
813 1559 164 1596 86
815 1564 163 1600 90
777 1497 176 1531 98
751 1437 185 1482 94
781 1499 207 1543 91
809 1557 248 1603 103
801 1550 262 1586 110
771 1489 236 1527 105
749 1453 245 1480 120
761 1478 244 1502 134
701 1368 213 1387 123
669 1299 192 1325 129
637 1224 159 1264 132
626 1203 178 1240 153
601 1153 187 1186 146
593 1136 166 1164 147
609 1162 193 1179 142
633 1206 214 1224 152
617 1167 206 1195 148
601 1141 184 1175 129
552 1049 144 1076 113
545 1031 137 1063 113
565 1063 154 1104 129
499 927 124 975 116
512 941 129 996 130
481 874 128 942 134
483 875 156 944 142
464 837 150 909 148
453 821 136 882 150
441 802 159 855 144
467 848 167 900 151
454 827 146 875 145
474 865 160 920 164
460 846 140 891 160
488 900 161 942 179
455 848 162 882 157
441 828 156 852 160
420 794 153 812 166
402 758 144 777 141
377 718 137 734 129
351 670 122 682 137
338 647 103 657 129
325 631 102 629 124
340 659 99 661 121
317 608 92 618 106
314 607 82 619 99
298 583 97 587 104
240 472 79 475 83
257 501 90 506 93
219 420 77 434 88
221 416 59 435 78
219 412 56 432 89
233 438 50 458 104
225 423 60 441 107
215 411 70 425 102
213 410 80 424 95
194 373 81 388 93
198 369 78 396 101
230 432 86 460 128
234 443 92 468 123
236 452 87 472 140
252 483 80 504 141
231 441 75 462 136
205 396 68 410 133
205 397 57 410 163
185 357 40 370 160
183 351 35 366 155
180 351 37 360 165
176 348 33 352 156
199 394 44 398 173
193 385 35 386 157
222 444 56 444 172
242 484 74 484 187
242 484 63 484 194
220 440 51 440 178
195 390 58 390 167
197 394 48 394 157
196 392 55 392 162
184 368 47 368 152
168 336 33 336 149
177 354 37 354 152
184 368 44 368 152
188 376 46 376 154
176 352 41 352 154
176 352 44 352 153
189 378 44 378 160
174 348 38 348 145
194 388 35 388 171
165 330 28 330 140
125 250 19 250 112
129 258 20 258 121
125 250 16 250 123
119 238 23 238 114
121 242 27 242 119
90 180 18 180 85
89 178 13 178 91
102 204 14 204 98
98 196 11 196 99
83 166 12 166 82
94 188 13 188 85
68 136 14 136 65
70 140 17 140 69
65 130 12 130 63
74 148 14 148 65
67 134 18 134 59
66 132 13 132 65
65 130 7 130 64
51 102 8 102 54
51 102 5 102 43
39 78 6 78 34
35 70 4 70 38
22 44 3 44 26
25 50 5 50 32
28 56 7 56 30
28 56 6 56 30
31 62 7 62 39
37 74 5 74 51
36 72 3 72 58
31 62 4 62 51
29 58 4 58 50
28 56 3 56 48
23 46 5 46 40
28 56 9 56 49
28 56 10 56 51
25 50 10 50 50
32 64 11 64 64
26 52 6 52 52
28 56 5 56 56
37 74 6 74 74
41 82 4 82 82
42 84 6 84 84
48 96 10 96 96
45 90 10 90 90
50 100 11 100 100
38 76 5 76 76
27 54 2 54 54
27 54 0 54 54
28 56 0 56 56
35 70 0 70 70
29 58 0 58 58
25 50 0 50 50
21 42 0 42 42
18 36 0 36 36
13 26 0 26 26
15 30 0 30 30
19 38 0 38 38
20 40 0 40 40
22 44 0 44 44
25 50 0 50 50
27 54 0 54 54
22 44 0 44 44
19 38 0 38 38
15 30 0 30 30
18 36 0 36 36
13 26 0 26 26
13 26 0 26 26
14 28 0 28 28
19 38 0 38 38
17 34 0 34 34
17 34 0 34 34
11 22 0 22 22
10 20 0 20 20
7 14 0 14 14
8 16 0 16 16
10 20 0 20 20
11 22 0 22 22
11 22 0 22 22
17 34 0 34 34
15 30 0 30 30
13 26 0 26 26
18 36 0 36 36
17 34 0 34 34
16 32 0 32 32
13 26 0 26 26
13 26 0 26 26
12 24 0 24 24
11 22 0 22 22
8 16 0 16 16
10 20 0 20 20
6 12 0 12 12
5 10 0 10 10
3 6 0 6 6
5 10 0 10 10
6 12 0 12 12
6 12 0 12 12
9 18 0 18 18
9 18 0 18 18
7 14 0 14 14
4 8 0 8 8
3 6 0 6 6
8 16 0 16 16
3 6 0 6 6
1 2 0 2 2
2 4 0 4 4
2 4 0 4 4
2 4 0 4 4
2 4 0 4 4
0 0 0 0 0
