1021 1944 98 1944 98
1030 1959 101 1959 101
982 1853 90 1863 113
1036 1956 111 1966 123
1016 1909 116 1908 136
993 1869 133 1873 127
1049 1957 144 1976 139
1018 1876 126 1914 121
1069 1986 139 2019 137
1061 1950 140 2003 126
1032 1906 144 1934 112
1017 1895 149 1899 114
955 1801 126 1779 109
925 1752 132 1733 95
935 1763 120 1776 89
942 1785 119 1782 98
937 1784 102 1779 86
898 1715 88 1692 79
956 1837 91 1799 100
913 1753 81 1703 89
858 1641 69 1606 98
856 1629 59 1587 83
883 1675 58 1645 95
908 1727 53 1680 99
863 1632 54 1599 101
831 1567 50 1535 101
824 1563 54 1527 111
780 1478 49 1435 106
765 1449 52 1419 113
771 1471 50 1435 92
697 1328 42 1286 80
633 1201 31 1167 80
652 1226 36 1197 75
622 1175 39 1161 87
592 1116 39 1108 84
613 1153 47 1144 72
605 1132 39 1146 56
599 1119 37 1123 63
565 1063 40 1049 60
616 1168 50 1138 79
579 1097 47 1083 65
544 1028 42 1017 66
538 1009 48 1007 67
526 991 38 994 64
511 955 31 973 65
487 910 43 938 67
435 816 48 829 71
424 805 48 817 62
443 848 60 857 69
448 861 57 865 63
467 900 62 896 63
420 814 60 811 61
418 810 61 801 74
376 730 55 718 67
365 709 60 688 68
340 654 55 647 61
321 622 50 606 52
297 579 50 556 48
286 555 43 536 47
261 510 35 498 46
273 538 43 515 44
266 528 46 504 46
256 509 34 490 40
243 484 39 471 32
263 525 50 505 26
257 514 55 491 27
251 502 49 480 24
258 516 60 487 16
245 490 58 459 15
233 466 53 439 13
202 404 41 388 11
168 336 25 320 7
165 330 25 316 6
138 276 14 265 3
121 242 13 232 4
116 232 13 222 6
106 212 14 205 9
116 232 14 224 6
117 234 14 222 4
129 258 11 245 2
140 280 12 264 1
120 240 13 225 0
114 228 9 211 0
100 200 8 185 0
106 212 12 193 0
107 214 16 200 0
115 230 23 221 0
109 218 18 210 0
111 222 11 213 0
112 224 15 216 0
119 238 19 232 0
111 222 18 219 0
116 232 18 230 0
108 216 9 215 0
111 222 7 221 0
106 212 4 212 0
101 202 4 202 0
92 184 3 184 0
80 160 4 160 0
81 162 4 162 0
65 130 2 130 0
67 134 3 134 0
58 116 4 116 0
58 116 5 116 0
55 110 3 110 0
48 96 0 96 0
49 98 0 98 0
53 106 0 106 0
42 84 0 84 0
47 94 0 94 0
44 88 0 88 0
41 82 0 82 0
37 74 0 74 0
33 66 0 66 0
34 68 0 68 0
28 56 0 56 0
25 50 0 50 0
17 34 0 34 0
34 68 0 68 0
26 52 0 52 0
28 56 0 56 0
29 58 0 58 0
31 62 0 62 0
35 70 0 70 0
44 88 0 88 0
50 100 0 100 0
57 114 0 114 0
63 126 0 126 0
66 132 0 132 0
62 124 0 124 0
69 138 0 138 0
59 118 0 118 0
59 118 0 118 0
48 96 0 96 0
55 110 0 110 0
60 120 0 120 0
58 116 0 116 0
56 112 0 112 0
57 114 0 114 0
57 114 0 114 0
53 106 0 106 0
49 98 0 98 0
32 64 0 64 0
30 60 0 60 0
31 62 0 62 0
27 54 0 54 0
26 52 0 52 0
31 62 0 62 0
32 64 0 64 0
39 78 0 78 0
46 92 0 92 0
40 80 0 80 0
31 62 0 62 0
25 50 0 50 0
28 56 0 56 0
23 46 0 46 0
28 56 0 56 0
41 82 0 82 0
36 72 0 72 0
34 68 0 68 0
39 78 0 78 0
37 74 0 74 0
28 56 0 56 0
37 74 0 74 0
32 64 0 64 0
38 76 0 76 0
44 88 0 88 0
46 92 0 92 0
47 94 0 94 0
50 100 0 100 0
48 96 0 96 0
40 80 0 80 0
36 72 0 72 0
29 58 0 58 0
32 64 0 64 0
31 62 0 62 0
40 80 0 80 0
35 70 0 70 0
41 82 0 82 0
42 84 0 84 0
34 68 0 68 0
31 62 0 62 0
23 46 0 46 0
21 42 0 42 0
26 52 0 52 0
21 42 0 42 0
16 32 0 32 0
10 20 0 20 0
16 32 0 32 0
19 38 0 38 0
16 32 0 32 0
14 28 0 28 0
18 36 0 36 0
24 48 0 48 0
27 54 0 54 0
32 64 0 64 0
29 58 0 58 0
27 54 0 54 0
24 48 0 48 0
17 34 0 34 0
12 24 0 24 0
12 24 0 24 0
7 14 0 14 0
5 10 0 10 0
4 8 0 8 0
0 0 0 0 0
