1027 1948 106 1948 106
1015 1919 111 1919 111
965 1809 124 1808 111
939 1753 121 1752 120
914 1715 105 1691 106
905 1694 95 1675 109
846 1572 104 1566 100
918 1691 119 1680 104
905 1663 103 1654 90
921 1689 111 1695 77
923 1692 114 1722 67
907 1660 114 1682 74
890 1631 108 1638 78
874 1581 87 1625 92
924 1668 100 1706 95
919 1668 88 1690 94
857 1544 97 1571 75
844 1545 108 1555 81
854 1546 111 1560 88
816 1509 95 1481 75
858 1602 123 1562 80
821 1546 128 1506 72
808 1509 119 1451 79
787 1459 114 1414 68
750 1386 123 1358 60
741 1362 111 1359 60
688 1270 112 1256 59
692 1276 114 1266 57
691 1276 109 1265 66
654 1212 100 1190 76
612 1131 84 1107 81
605 1123 89 1101 75
617 1135 92 1110 65
612 1130 100 1094 65
604 1115 80 1099 74
627 1177 78 1133 82
607 1144 62 1084 90
606 1150 57 1084 75
577 1097 58 1029 65
551 1043 59 976 64
539 1011 52 946 69
541 1014 53 941 75
530 995 56 931 65
486 925 59 855 54
484 929 67 853 41
447 861 64 792 41
447 876 76 791 45
429 840 80 767 42
405 784 78 737 44
379 744 87 706 40
380 742 84 709 40
367 717 94 687 27
359 704 85 665 26
359 708 77 669 32
367 727 81 693 27
362 717 77 682 30
373 738 85 705 39
342 676 62 645 43
318 627 56 600 41
327 646 50 621 41
331 654 53 631 42
318 623 51 607 49
326 637 52 628 56
329 650 40 631 56
317 627 50 610 53
341 675 48 655 54
325 641 41 635 51
306 597 37 594 40
313 609 36 602 43
303 592 39 580 41
262 508 31 503 46
276 537 35 530 46
287 557 29 552 46
291 568 26 563 57
280 546 35 552 42
263 517 35 511 37
255 497 44 497 27
256 497 51 500 27
265 517 52 526 32
262 512 60 520 42
270 529 50 538 51
268 529 55 535 61
275 542 55 549 63
274 546 54 548 69
287 572 65 574 64
281 562 57 562 61
287 574 55 574 60
257 514 51 514 51
255 510 43 510 47
252 504 46 504 40
237 474 41 474 35
236 472 36 472 36
246 492 39 492 43
234 468 35 468 42
226 452 31 452 44
194 388 30 388 36
161 322 17 322 27
164 328 17 328 36
146 292 14 292 32
141 282 14 282 32
141 282 9 282 31
150 300 12 300 43
139 278 11 278 41
137 274 6 274 39
128 256 6 256 33
117 234 6 234 34
112 224 7 224 40
120 240 14 240 49
112 224 22 224 54
113 226 16 226 68
103 206 13 206 55
90 180 14 180 62
87 174 6 174 63
88 176 10 176 63
88 176 13 176 67
75 150 12 150 57
60 120 11 120 41
58 116 12 116 47
62 124 16 124 48
57 114 14 114 45
58 116 12 116 38
68 136 16 136 46
80 160 18 160 58
78 156 16 156 68
80 160 19 160 70
91 182 23 182 63
89 178 23 178 54
95 190 26 190 46
82 164 28 164 38
79 158 26 158 37
75 150 25 150 28
62 124 26 124 19
72 144 34 144 19
69 138 34 138 13
71 142 34 142 9
68 136 29 136 10
56 112 26 112 5
59 118 29 118 7
51 102 27 102 2
58 116 30 116 4
63 126 26 126 4
66 132 29 132 8
69 138 27 138 9
67 134 30 134 8
69 138 33 138 10
68 136 25 136 10
78 156 15 156 8
73 146 13 146 11
58 116 10 116 6
50 100 5 100 8
67 134 5 134 13
64 128 7 128 16
65 130 6 130 15
76 152 3 152 19
78 156 3 156 24
63 126 1 126 22
64 128 0 128 19
53 106 0 106 24
56 112 0 112 31
56 112 0 112 32
45 90 0 90 27
38 76 0 76 23
35 70 0 70 16
33 66 0 66 19
28 56 0 56 19
26 52 0 52 16
30 60 0 60 13
33 66 0 66 12
32 64 0 64 8
30 60 0 60 5
29 58 0 58 3
31 62 0 62 2
28 56 0 56 4
28 56 0 56 3
34 68 0 68 1
35 70 0 70 1
31 62 0 62 1
37 74 0 74 1
43 86 0 86 1
36 72 0 72 3
41 82 0 82 5
49 98 0 98 7
42 84 0 84 5
49 98 0 98 8
59 118 0 118 10
64 128 0 128 13
68 136 0 136 16
67 134 0 134 21
69 138 0 138 20
75 150 0 150 19
85 170 0 170 25
76 152 0 152 19
82 164 0 164 18
93 186 0 186 22
89 178 0 178 19
85 170 0 170 13
81 162 0 162 12
59 118 0 118 9
65 130 0 130 11
65 130 0 130 19
59 118 0 118 21
54 108 0 108 11
67 134 0 134 10
76 152 0 152 12
72 144 0 144 13
53 106 0 106 10
51 102 0 102 12
39 78 0 78 7
38 76 0 76 7
42 84 0 84 6
39 78 0 78 7
38 76 0 76 4
33 66 0 66 3
31 62 0 62 3
36 72 0 72 2
33 66 0 66 0
28 56 0 56 0
35 70 0 70 0
37 74 0 74 0
41 82 0 82 0
38 76 0 76 0
35 70 0 70 0
48 96 0 96 0
48 96 0 96 0
53 106 0 106 0
49 98 0 98 0
43 86 0 86 0
52 104 0 104 0
47 94 0 94 0
38 76 0 76 0
30 60 0 60 0
30 60 0 60 0
27 54 0 54 0
17 34 0 34 0
9 18 0 18 0
10 20 0 20 0
10 20 0 20 0
11 22 0 22 0
11 22 0 22 0
11 22 0 22 0
16 32 0 32 0
13 26 0 26 0
19 38 0 38 0
16 32 0 32 0
17 34 0 34 0
17 34 0 34 0
16 32 0 32 0
20 40 0 40 0
18 36 0 36 0
25 50 0 50 0
30 60 0 60 0
21 42 0 42 0
16 32 0 32 0
21 42 0 42 0
26 52 0 52 0
21 42 0 42 0
20 40 0 40 0
25 50 0 50 0
22 44 0 44 0
16 32 0 32 0
14 28 0 28 0
16 32 0 32 0
12 24 0 24 0
12 24 0 24 0
9 18 0 18 0
8 16 0 16 0
10 20 0 20 0
14 28 0 28 0
15 30 0 30 0
21 42 0 42 0
18 36 0 36 0
20 40 0 40 0
15 30 0 30 0
11 22 0 22 0
15 30 0 30 0
16 32 0 32 0
23 46 0 46 0
16 32 0 32 0
7 14 0 14 0
1 2 0 2 0
0 0 0 0 0
