982 1942 22 1942 22
936 1856 16 1856 16
876 1737 18 1737 12
849 1685 15 1679 12
817 1626 14 1617 12
744 1483 15 1468 25
725 1445 16 1432 26
678 1349 11 1338 25
655 1304 3 1289 26
615 1227 3 1204 26
604 1205 1 1185 24
552 1102 1 1086 28
551 1097 2 1087 26
538 1069 2 1061 25
537 1068 4 1057 22
549 1094 4 1083 15
597 1192 5 1177 16
575 1150 3 1130 15
582 1164 3 1143 14
561 1122 4 1101 16
478 956 4 942 14
428 856 2 841 13
405 810 1 798 9
425 850 1 840 12
434 868 1 859 13
397 794 0 789 15
363 726 0 723 9
356 712 0 710 9
354 708 0 706 13
359 718 0 716 13
330 660 0 656 13
323 646 0 642 12
308 616 0 613 10
311 622 0 621 10
297 594 0 593 7
339 678 0 678 4
320 640 0 640 2
329 658 0 658 3
334 668 0 668 4
334 668 0 668 1
327 654 0 654 0
329 658 0 658 0
311 622 0 622 0
288 576 0 576 0
286 572 0 572 0
265 530 0 530 0
311 622 0 622 0
291 582 0 582 0
297 594 0 594 0
297 594 0 594 0
274 548 0 548 0
280 560 0 560 0
269 538 0 538 0
291 582 0 582 0
294 588 0 588 0
255 510 0 510 0
233 466 0 466 0
234 468 0 468 0
240 480 0 480 0
242 484 0 484 0
242 484 0 484 0
230 460 0 460 0
231 462 0 462 0
208 416 0 416 0
187 374 0 374 0
190 380 0 380 0
188 376 0 376 0
172 344 0 344 0
193 386 0 386 0
179 358 0 358 0
179 358 0 358 0
185 370 0 370 0
190 380 0 380 0
189 378 0 378 0
168 336 0 336 0
145 290 0 290 0
135 270 0 270 0
145 290 0 290 0
140 280 0 280 0
144 288 0 288 0
140 280 0 280 0
148 296 0 296 0
137 274 0 274 0
143 286 0 286 0
159 318 0 318 0
176 352 0 352 0
170 340 0 340 0
172 344 0 344 0
173 346 0 346 0
177 354 0 354 0
181 362 0 362 0
186 372 0 372 0
195 390 0 390 0
208 416 0 416 0
227 454 0 454 0
214 428 0 428 0
202 404 0 404 0
186 372 0 372 0
191 382 0 382 0
165 330 0 330 0
166 332 0 332 0
155 310 0 310 0
179 358 0 358 0
173 346 0 346 0
139 278 0 278 0
130 260 0 260 0
111 222 0 222 0
104 208 0 208 0
104 208 0 208 0
96 192 0 192 0
99 198 0 198 0
98 196 0 196 0
97 194 0 194 0
94 188 0 188 0
96 192 0 192 0
97 194 0 194 0
107 214 0 214 0
96 192 0 192 0
78 156 0 156 0
87 174 0 174 0
71 142 0 142 0
73 146 0 146 0
63 126 0 126 0
61 122 0 122 0
53 106 0 106 0
53 106 0 106 0
58 116 0 116 0
61 122 0 122 0
58 116 0 116 0
48 96 0 96 0
46 92 0 92 0
45 90 0 90 0
53 106 0 106 0
56 112 0 112 0
54 108 0 108 0
44 88 0 88 0
36 72 0 72 0
28 56 0 56 0
30 60 0 60 0
25 50 0 50 0
21 42 0 42 0
20 40 0 40 0
18 36 0 36 0
21 42 0 42 0
21 42 0 42 0
17 34 0 34 0
22 44 0 44 0
18 36 0 36 0
9 18 0 18 0
9 18 0 18 0
5 10 0 10 0
7 14 0 14 0
8 16 0 16 0
10 20 0 20 0
12 24 0 24 0
7 14 0 14 0
8 16 0 16 0
4 8 0 8 0
4 8 0 8 0
7 14 0 14 0
6 12 0 12 0
8 16 0 16 0
8 16 0 16 0
5 10 0 10 0
7 14 0 14 0
7 14 0 14 0
10 20 0 20 0
11 22 0 22 0
14 28 0 28 0
13 26 0 26 0
13 26 0 26 0
18 36 0 36 0
17 34 0 34 0
16 32 0 32 0
21 42 0 42 0
15 30 0 30 0
14 28 0 28 0
12 24 0 24 0
7 14 0 14 0
11 22 0 22 0
9 18 0 18 0
12 24 0 24 0
6 12 0 12 0
9 18 0 18 0
7 14 0 14 0
2 4 0 4 0
2 4 0 4 0
0 0 0 0 0
