1041 2062 20 2062 20
1028 2037 19 2037 19
1041 2065 16 2068 18
1014 2013 21 2017 15
995 1980 15 1974 19
960 1913 23 1911 22
950 1894 23 1894 21
963 1912 25 1921 21
868 1724 21 1730 15
845 1680 20 1685 10
808 1607 26 1610 13
847 1685 28 1685 14
864 1717 27 1720 11
837 1664 31 1667 14
829 1655 31 1649 14
844 1684 36 1678 18
776 1549 33 1545 14
772 1543 26 1530 12
696 1391 31 1374 11
670 1339 25 1323 11
645 1288 19 1275 16
652 1302 14 1283 15
622 1243 23 1224 23
661 1322 20 1295 26
644 1288 23 1260 28
621 1242 19 1223 27
672 1344 15 1327 39
642 1284 10 1268 42
645 1290 18 1271 43
640 1280 24 1266 48
589 1178 20 1167 53
566 1132 14 1124 49
541 1082 13 1074 47
515 1030 10 1024 32
513 1026 8 1019 39
494 988 6 978 32
502 1004 7 996 40
511 1022 6 1009 42
516 1032 7 1019 41
522 1044 13 1029 47
492 984 10 968 45
527 1054 12 1039 51
523 1046 18 1029 58
518 1036 17 1020 49
531 1062 15 1043 43
493 986 12 973 25
505 1010 11 996 31
534 1068 14 1060 37
500 1000 11 988 27
479 958 8 946 18
475 950 8 945 22
421 842 8 835 20
434 868 9 863 22
429 858 10 855 20
438 876 17 873 13
428 856 16 851 15
426 852 19 850 20
427 854 18 853 17
443 886 21 886 22
419 838 24 838 23
388 776 26 776 19
380 760 22 760 21
392 784 13 784 13
377 754 17 754 15
372 744 20 744 18
335 670 24 670 19
305 610 19 610 12
282 564 18 564 12
291 582 17 582 12
284 568 17 568 10
283 566 19 566 20
277 554 16 554 18
282 564 16 564 26
273 546 15 546 33
257 514 5 514 31
262 524 7 524 26
256 512 5 512 19
249 498 4 498 18
280 560 4 560 23
248 496 3 496 17
217 434 3 434 10
241 482 1 482 10
254 508 0 508 13
257 514 0 514 11
263 526 0 526 9
249 498 0 498 10
229 458 0 458 9
225 450 0 450 11
215 430 0 430 12
205 410 0 410 10
183 366 0 366 10
183 366 0 366 15
166 332 0 332 15
147 294 0 294 16
145 290 0 290 21
160 320 0 320 27
157 314 0 314 30
136 272 0 272 25
148 296 0 296 34
156 312 0 312 39
174 348 0 348 55
159 318 0 318 48
160 320 0 320 50
175 350 0 350 64
168 336 0 336 68
154 308 0 308 60
166 332 0 332 61
189 378 0 378 83
181 362 0 362 85
198 396 0 396 93
212 424 0 424 97
198 396 0 396 96
174 348 0 348 92
156 312 0 312 89
143 286 0 286 78
136 272 0 272 63
145 290 0 290 69
135 270 0 270 58
139 278 0 278 51
131 262 0 262 51
135 270 0 270 56
127 254 0 254 44
112 224 0 224 37
106 212 0 212 25
85 170 0 170 22
80 160 0 160 15
71 142 0 142 15
66 132 0 132 17
64 128 0 128 18
56 112 0 112 16
53 106 0 106 11
51 102 0 102 14
53 106 0 106 16
44 88 0 88 16
51 102 0 102 19
43 86 0 86 13
36 72 0 72 9
43 86 0 86 11
42 84 0 84 11
24 48 0 48 4
21 42 0 42 2
25 50 0 50 4
25 50 0 50 1
22 44 0 44 0
25 50 0 50 0
25 50 0 50 0
26 52 0 52 0
23 46 0 46 0
18 36 0 36 0
23 46 0 46 0
20 40 0 40 0
16 32 0 32 0
28 56 0 56 0
29 58 0 58 0
25 50 0 50 0
27 54 0 54 0
24 48 0 48 0
22 44 0 44 0
31 62 0 62 0
28 56 0 56 0
26 52 0 52 0
24 48 0 48 0
17 34 0 34 0
12 24 0 24 0
15 30 0 30 0
6 12 0 12 0
7 14 0 14 0
13 26 0 26 0
10 20 0 20 0
8 16 0 16 0
5 10 0 10 0
4 8 0 8 0
2 4 0 4 0
4 8 0 8 0
5 10 0 10 0
6 12 0 12 0
5 10 0 10 0
2 4 0 4 0
4 8 0 8 0
3 6 0 6 0
2 4 0 4 0
2 4 0 4 0
1 2 0 2 0
1 2 0 2 0
2 4 0 4 0
3 6 0 6 0
5 10 0 10 0
9 18 0 18 0
11 22 0 22 0
10 20 0 20 0
3 6 0 6 0
2 4 0 4 0
1 2 0 2 0
1 2 0 2 0
0 0 0 0 0
