961 1902 20 1902 20
937 1856 18 1856 18
881 1748 17 1750 15
838 1658 19 1664 17
853 1696 20 1695 19
809 1608 22 1612 21
813 1611 25 1621 18
831 1645 26 1658 16
802 1591 30 1600 14
738 1459 27 1473 13
746 1462 19 1485 20
724 1413 17 1443 11
715 1397 21 1427 9
747 1448 32 1491 9
732 1420 30 1463 5
700 1360 27 1398 6
662 1295 27 1321 6
716 1393 31 1425 4
656 1273 28 1306 5
660 1282 41 1315 5
665 1294 40 1326 4
684 1336 48 1361 5
688 1334 49 1367 12
635 1224 48 1267 6
654 1265 45 1302 8
644 1251 46 1285 12
680 1317 42 1358 7
667 1302 47 1332 10
664 1296 52 1327 14
623 1215 43 1244 9
621 1220 55 1239 15
575 1128 46 1146 10
597 1172 38 1189 8
604 1177 41 1203 5
580 1130 39 1156 5
574 1119 48 1141 4
569 1113 44 1134 1
550 1082 39 1096 2
527 1034 31 1052 4
523 1021 28 1045 6
543 1054 27 1084 5
581 1127 26 1160 5
576 1110 22 1148 6
513 988 29 1025 6
481 929 27 961 6
447 861 25 894 6
443 855 29 886 11
454 878 32 908 13
430 829 26 860 9
445 846 22 890 9
417 789 15 834 5
439 835 16 878 2
470 901 15 940 3
491 949 21 982 3
522 1013 26 1044 2
529 1026 30 1058 1
504 980 28 1008 3
500 976 38 1000 1
520 1022 31 1040 1
511 1009 39 1022 2
509 1006 40 1018 1
484 954 34 968 0
500 986 25 1000 0
480 955 26 960 0
452 902 26 904 0
449 898 26 898 0
412 824 24 824 0
358 716 23 716 0
365 730 16 730 0
340 680 15 680 0
373 746 16 746 0
337 674 16 674 0
342 684 21 684 0
326 652 20 652 0
321 642 17 642 0
291 582 16 582 0
281 562 12 562 0
271 542 9 542 0
272 544 12 544 0
285 570 10 570 0
289 578 14 578 0
279 558 18 558 0
253 506 14 506 0
250 500 11 500 0
257 514 17 514 0
269 538 11 538 0
255 510 12 510 0
229 458 10 458 0
235 470 8 470 0
251 502 11 502 0
221 442 15 442 0
219 438 16 438 0
196 392 9 392 0
185 370 9 370 0
179 358 13 358 0
181 362 9 362 0
197 394 10 394 0
179 358 7 358 0
175 350 11 350 0
167 334 11 334 0
154 308 13 308 0
170 340 21 340 0
163 326 18 326 0
172 344 21 344 0
184 368 33 368 0
174 348 27 348 0
191 382 28 382 0
200 400 31 400 0
191 382 24 382 0
194 388 21 388 0
196 392 22 392 0
215 430 29 430 0
195 390 29 390 0
186 372 25 372 0
190 380 35 380 0
172 344 28 344 0
172 344 24 344 0
150 300 28 300 0
138 276 34 276 0
165 330 42 330 0
148 296 37 296 0
156 312 42 312 0
141 282 41 282 0
154 308 49 308 0
152 304 63 304 0
158 316 73 316 0
154 308 68 308 0
160 320 74 320 0
182 364 70 364 0
180 360 65 360 0
151 302 47 302 0
158 316 40 316 0
138 276 34 276 0
149 298 40 298 0
155 310 33 310 0
149 298 34 298 0
135 270 27 270 0
132 264 27 264 0
130 260 35 260 0
136 272 38 272 0
125 250 34 250 0
120 240 38 240 0
124 248 43 248 0
128 256 30 256 0
127 254 27 254 0
142 284 40 284 0
130 260 42 260 0
137 274 48 274 0
108 216 47 216 0
117 234 56 234 0
128 256 55 256 0
134 268 68 268 0
167 334 82 334 0
192 384 88 384 0
203 406 83 406 0
222 444 95 444 0
185 370 71 370 0
170 340 72 340 0
152 304 61 304 0
135 270 42 270 0
133 266 46 266 0
126 252 42 252 0
124 248 47 248 0
141 282 59 282 0
137 274 41 274 0
146 292 35 292 0
133 266 35 266 0
124 248 32 248 0
137 274 35 274 0
125 250 30 250 0
98 196 23 196 0
104 208 24 208 0
100 200 22 200 0
104 208 22 208 0
91 182 16 182 0
76 152 9 152 0
75 150 10 150 0
63 126 9 126 0
63 126 8 126 0
54 108 10 108 0
51 102 12 102 0
46 92 13 92 0
52 104 18 104 0
47 94 13 94 0
52 104 8 104 0
52 104 10 104 0
47 94 7 94 0
40 80 10 80 0
33 66 6 66 0
33 66 5 66 0
37 74 7 74 0
27 54 5 54 0
29 58 6 58 0
34 68 7 68 0
39 78 15 78 0
37 74 13 74 0
34 68 10 68 0
30 60 9 60 0
33 66 14 66 0
36 72 18 72 0
38 76 16 76 0
44 88 17 88 0
36 72 22 72 0
37 74 19 74 0
34 68 18 68 0
31 62 12 62 0
28 56 10 56 0
25 50 11 50 0
33 66 15 66 0
39 78 19 78 0
39 78 22 78 0
42 84 20 84 0
44 88 13 88 0
39 78 8 78 0
40 80 6 80 0
41 82 2 82 0
43 86 0 86 0
37 74 0 74 0
35 70 0 70 0
32 64 0 64 0
24 48 0 48 0
35 70 0 70 0
41 82 0 82 0
42 84 0 84 0
34 68 0 68 0
40 80 0 80 0
52 104 0 104 0
48 96 0 96 0
50 100 0 100 0
51 102 0 102 0
60 120 0 120 0
57 114 0 114 0
54 108 0 108 0
54 108 0 108 0
59 118 0 118 0
51 102 0 102 0
62 124 0 124 0
62 124 0 124 0
57 114 0 114 0
62 124 0 124 0
52 104 0 104 0
56 112 0 112 0
48 96 0 96 0
49 98 0 98 0
52 104 0 104 0
60 120 0 120 0
54 108 0 108 0
56 112 0 112 0
50 100 0 100 0
61 122 0 122 0
51 102 0 102 0
59 118 0 118 0
63 126 0 126 0
78 156 0 156 0
88 176 0 176 0
88 176 0 176 0
79 158 0 158 0
86 172 0 172 0
68 136 0 136 0
62 124 0 124 0
68 136 0 136 0
65 130 0 130 0
58 116 0 116 0
56 112 0 112 0
34 68 0 68 0
30 60 0 60 0
24 48 0 48 0
23 46 0 46 0
20 40 0 40 0
17 34 0 34 0
21 42 0 42 0
17 34 0 34 0
20 40 0 40 0
19 38 0 38 0
24 48 0 48 0
26 52 0 52 0
30 60 0 60 0
28 56 0 56 0
24 48 0 48 0
20 40 0 40 0
21 42 0 42 0
23 46 0 46 0
30 60 0 60 0
33 66 0 66 0
38 76 0 76 0
43 86 0 86 0
39 78 0 78 0
29 58 0 58 0
40 80 0 80 0
36 72 0 72 0
27 54 0 54 0
30 60 0 60 0
28 56 0 56 0
15 30 0 30 0
12 24 0 24 0
8 16 0 16 0
5 10 0 10 0
5 10 0 10 0
11 22 0 22 0
12 24 0 24 0
9 18 0 18 0
13 26 0 26 0
17 34 0 34 0
13 26 0 26 0
8 16 0 16 0
10 20 0 20 0
8 16 0 16 0
7 14 0 14 0
2 4 0 4 0
1 2 0 2 0
2 4 0 4 0
4 8 0 8 0
5 10 0 10 0
1 2 0 2 0
3 6 0 6 0
4 8 0 8 0
4 8 0 8 0
5 10 0 10 0
9 18 0 18 0
5 10 0 10 0
7 14 0 14 0
4 8 0 8 0
10 20 0 20 0
7 14 0 14 0
14 28 0 28 0
18 36 0 36 0
16 32 0 32 0
8 16 0 16 0
5 10 0 10 0
2 4 0 4 0
2 4 0 4 0
3 6 0 6 0
0 0 0 0 0
