1017 2018 16 2018 16
987 1961 13 1961 13
990 1964 15 1963 19
957 1897 24 1895 24
958 1903 24 1898 19
901 1790 17 1780 20
879 1751 10 1735 17
780 1557 8 1542 16
784 1566 6 1553 10
764 1523 1 1515 5
713 1422 2 1405 4
674 1345 3 1324 6
696 1390 3 1358 9
638 1276 1 1239 4
631 1262 0 1229 4
647 1294 0 1261 1
677 1354 0 1318 1
677 1354 0 1312 1
708 1416 0 1380 0
695 1390 0 1356 0
699 1398 0 1358 0
705 1410 0 1364 0
673 1346 0 1294 0
714 1428 0 1368 0
710 1420 0 1378 0
697 1394 0 1358 0
644 1288 0 1256 0
586 1172 0 1149 0
585 1170 0 1147 0
591 1182 0 1153 0
621 1242 0 1205 0
642 1284 0 1241 0
631 1262 0 1221 0
606 1212 0 1181 0
573 1146 0 1114 0
529 1058 0 1033 0
553 1106 0 1082 0
520 1040 0 1017 0
504 1008 0 981 0
505 1010 0 979 0
546 1092 0 1058 0
530 1060 0 1019 0
469 938 0 902 0
455 910 0 877 0
500 1000 0 972 0
491 982 0 955 0
465 930 0 908 0
475 950 0 928 0
459 918 0 890 0
415 830 0 806 0
393 786 0 770 0
412 824 0 804 0
418 836 0 816 0
392 784 0 762 0
355 710 0 684 0
309 618 0 600 0
315 630 0 617 0
345 690 0 674 0
336 672 0 651 0
304 608 0 585 0
326 652 0 624 0
300 600 0 573 0
289 578 0 556 0
272 544 0 527 0
278 556 0 545 0
267 534 0 527 0
281 562 0 555 0
258 516 0 508 0
266 532 0 528 0
249 498 0 491 0
230 460 0 453 0
221 442 0 432 0
239 478 0 468 0
237 474 0 467 0
229 458 0 453 0
219 438 0 436 0
216 432 0 430 0
211 422 0 419 0
203 406 0 404 0
186 372 0 371 0
163 326 0 325 0
156 312 0 312 0
132 264 0 264 0
122 244 0 244 0
114 228 0 228 0
116 232 0 232 0
116 232 0 232 0
110 220 0 220 0
117 234 0 234 0
116 232 0 232 0
109 218 0 218 0
93 186 0 186 0
90 180 0 180 0
87 174 0 174 0
87 174 0 174 0
105 210 0 210 0
94 188 0 188 0
104 208 0 208 0
101 202 0 202 0
90 180 0 180 0
93 186 0 186 0
96 192 0 192 0
105 210 0 210 0
123 246 0 246 0
124 248 0 248 0
115 230 0 230 0
94 188 0 188 0
95 190 0 190 0
97 194 0 194 0
100 200 0 200 0
79 158 0 158 0
86 172 0 172 0
90 180 0 180 0
87 174 0 174 0
73 146 0 146 0
63 126 0 126 0
70 140 0 140 0
63 126 0 126 0
56 112 0 112 0
65 130 0 130 0
63 126 0 126 0
78 156 0 156 0
77 154 0 154 0
79 158 0 158 0
78 156 0 156 0
73 146 0 146 0
64 128 0 128 0
60 120 0 120 0
49 98 0 98 0
55 110 0 110 0
37 74 0 74 0
36 72 0 72 0
42 84 0 84 0
36 72 0 72 0
36 72 0 72 0
37 74 0 74 0
42 84 0 84 0
43 86 0 86 0
41 82 0 82 0
33 66 0 66 0
17 34 0 34 0
15 30 0 30 0
14 28 0 28 0
14 28 0 28 0
15 30 0 30 0
16 32 0 32 0
16 32 0 32 0
17 34 0 34 0
14 28 0 28 0
16 32 0 32 0
15 30 0 30 0
10 20 0 20 0
12 24 0 24 0
10 20 0 20 0
11 22 0 22 0
14 28 0 28 0
15 30 0 30 0
12 24 0 24 0
14 28 0 28 0
19 38 0 38 0
15 30 0 30 0
10 20 0 20 0
5 10 0 10 0
1 2 0 2 0
1 2 0 2 0
1 2 0 2 0
0 0 0 0 0
