1014 2010 18 2010 18
981 1948 14 1948 14
965 1915 10 1922 9
934 1852 10 1861 9
904 1787 15 1801 10
876 1733 13 1745 12
856 1689 11 1704 9
813 1604 12 1616 2
786 1543 13 1557 1
805 1575 12 1593 1
783 1540 5 1553 0
723 1428 6 1434 0
700 1378 6 1390 0
650 1274 5 1292 0
646 1261 3 1281 0
623 1215 1 1234 0
608 1179 2 1205 0
575 1116 1 1139 0
566 1095 1 1121 0
537 1035 2 1064 0
544 1052 2 1085 0
576 1114 0 1148 0
579 1114 0 1154 0
562 1066 0 1120 0
577 1088 0 1146 0
551 1036 0 1096 0
527 997 0 1048 0
500 958 0 995 0
487 933 0 967 0
522 1002 0 1039 0
545 1047 0 1082 0
504 956 0 1000 0
497 942 0 984 0
532 1005 0 1056 0
508 950 0 1010 0
491 926 0 976 0
476 897 0 941 0
438 825 0 871 0
438 825 0 873 0
433 818 0 860 0
446 845 0 882 0
439 838 0 867 0
436 832 0 861 0
420 794 0 828 0
423 793 0 838 0
409 767 0 811 0
407 759 0 810 0
420 785 0 833 0
424 803 0 841 0
424 799 0 842 0
407 769 0 808 0
406 761 0 805 0
385 723 0 763 0
382 726 0 755 0
356 684 0 709 0
357 684 0 713 0
352 671 0 703 0
369 696 0 737 0
358 675 0 716 0
353 665 0 706 0
355 668 0 710 0
387 729 0 774 0
416 796 0 832 0
416 796 0 832 0
400 759 0 800 0
370 703 0 740 0
329 621 0 658 0
305 583 0 610 0
286 543 0 572 0
303 577 0 606 0
292 563 0 584 0
275 535 0 550 0
288 564 0 576 0
270 532 0 540 0
252 496 0 504 0
250 496 0 500 0
254 505 0 508 0
258 510 0 516 0
243 476 0 486 0
251 483 0 502 0
256 486 0 512 0
259 499 0 518 0
294 569 0 588 0
308 601 0 616 0
280 546 0 560 0
289 560 0 578 0
303 580 0 606 0
284 548 0 568 0
275 527 0 550 0
267 515 0 534 0
284 541 0 568 0
263 502 0 526 0
257 505 0 514 0
236 470 0 472 0
214 427 0 428 0
219 438 0 438 0
211 422 0 422 0
227 454 0 454 0
235 470 0 470 0
244 488 0 488 0
238 476 0 476 0
240 480 0 480 0
242 484 0 484 0
253 506 0 506 0
270 540 0 540 0
243 486 0 486 0
224 448 0 448 0
241 482 0 482 0
228 456 0 456 0
241 482 0 482 0
217 434 0 434 0
194 388 0 388 0
203 406 0 406 0
173 346 0 346 0
183 366 0 366 0
195 390 0 390 0
174 348 0 348 0
193 386 0 386 0
168 336 0 336 0
158 316 0 316 0
152 304 0 304 0
140 280 0 280 0
131 262 0 262 0
127 254 0 254 0
121 242 0 242 0
115 230 0 230 0
122 244 0 244 0
138 276 0 276 0
120 240 0 240 0
139 278 0 278 0
150 300 0 300 0
130 260 0 260 0
116 232 0 232 0
113 226 0 226 0
109 218 0 218 0
107 214 0 214 0
110 220 0 220 0
111 222 0 222 0
103 206 0 206 0
105 210 0 210 0
113 226 0 226 0
126 252 0 252 0
127 254 0 254 0
121 242 0 242 0
124 248 0 248 0
109 218 0 218 0
89 178 0 178 0
103 206 0 206 0
92 184 0 184 0
87 174 0 174 0
87 174 0 174 0
74 148 0 148 0
77 154 0 154 0
95 190 0 190 0
104 208 0 208 0
94 188 0 188 0
95 190 0 190 0
90 180 0 180 0
83 166 0 166 0
72 144 0 144 0
79 158 0 158 0
69 138 0 138 0
80 160 0 160 0
80 160 0 160 0
75 150 0 150 0
83 166 0 166 0
78 156 0 156 0
67 134 0 134 0
66 132 0 132 0
60 120 0 120 0
65 130 0 130 0
65 130 0 130 0
71 142 0 142 0
55 110 0 110 0
56 112 0 112 0
50 100 0 100 0
39 78 0 78 0
38 76 0 76 0
37 74 0 74 0
38 76 0 76 0
34 68 0 68 0
35 70 0 70 0
47 94 0 94 0
41 82 0 82 0
46 92 0 92 0
40 80 0 80 0
41 82 0 82 0
46 92 0 92 0
48 96 0 96 0
44 88 0 88 0
47 94 0 94 0
42 84 0 84 0
31 62 0 62 0
33 66 0 66 0
38 76 0 76 0
37 74 0 74 0
36 72 0 72 0
45 90 0 90 0
48 96 0 96 0
45 90 0 90 0
42 84 0 84 0
36 72 0 72 0
31 62 0 62 0
29 58 0 58 0
36 72 0 72 0
33 66 0 66 0
28 56 0 56 0
33 66 0 66 0
27 54 0 54 0
33 66 0 66 0
22 44 0 44 0
22 44 0 44 0
23 46 0 46 0
30 60 0 60 0
22 44 0 44 0
26 52 0 52 0
27 54 0 54 0
21 42 0 42 0
22 44 0 44 0
23 46 0 46 0
22 44 0 44 0
17 34 0 34 0
23 46 0 46 0
22 44 0 44 0
23 46 0 46 0
19 38 0 38 0
18 36 0 36 0
10 20 0 20 0
12 24 0 24 0
14 28 0 28 0
11 22 0 22 0
9 18 0 18 0
7 14 0 14 0
4 8 0 8 0
9 18 0 18 0
4 8 0 8 0
7 14 0 14 0
10 20 0 20 0
8 16 0 16 0
8 16 0 16 0
11 22 0 22 0
14 28 0 28 0
21 42 0 42 0
16 32 0 32 0
20 40 0 40 0
12 24 0 24 0
8 16 0 16 0
8 16 0 16 0
10 20 0 20 0
11 22 0 22 0
8 16 0 16 0
11 22 0 22 0
6 12 0 12 0
9 18 0 18 0
10 20 0 20 0
6 12 0 12 0
3 6 0 6 0
7 14 0 14 0
8 16 0 16 0
8 16 0 16 0
8 16 0 16 0
5 10 0 10 0
5 10 0 10 0
4 8 0 8 0
2 4 0 4 0
1 2 0 2 0
1 2 0 2 0
1 2 0 2 0
0 0 0 0 0
