1028 2034 22 2034 22
979 1936 22 1936 22
894 1765 33 1762 26
860 1698 31 1702 29
834 1642 27 1652 28
756 1488 17 1500 25
799 1571 14 1589 32
803 1575 15 1600 27
838 1636 18 1673 27
835 1635 16 1667 19
809 1592 13 1616 17
770 1508 16 1535 20
722 1414 12 1442 18
688 1346 10 1373 21
668 1310 9 1331 31
660 1299 14 1319 31
673 1320 11 1345 22
626 1230 9 1252 22
638 1256 10 1276 22
600 1183 10 1200 30
595 1172 5 1190 36
562 1103 10 1124 28
554 1087 8 1108 21
552 1082 8 1104 22
587 1151 7 1174 17
564 1113 6 1128 15
557 1099 4 1114 12
513 1011 9 1026 18
521 1028 7 1042 19
469 922 6 938 14
468 927 7 936 13
446 882 10 892 13
455 900 13 910 14
413 813 10 826 18
374 733 8 748 15
365 716 15 730 15
356 691 13 712 14
337 659 18 674 13
336 655 19 672 12
303 591 15 606 14
269 526 14 538 10
248 486 16 496 8
238 469 18 476 5
251 496 23 502 6
245 487 23 490 9
260 518 35 520 11
263 526 33 526 12
252 504 43 504 14
267 534 43 534 10
288 576 48 576 16
286 572 43 572 25
269 538 50 538 21
243 486 40 486 22
237 474 44 474 26
239 478 41 478 29
242 484 42 484 26
244 488 38 488 26
229 458 35 458 26
218 436 40 436 22
226 452 34 452 24
179 358 16 358 17
145 290 15 290 12
147 294 14 294 12
150 300 15 300 8
144 288 14 288 4
138 276 11 276 5
148 296 12 296 6
135 270 10 270 5
142 284 16 284 8
146 292 17 292 13
145 290 18 290 13
126 252 17 252 11
128 256 17 256 10
125 250 19 250 15
125 250 17 250 15
105 210 10 210 8
108 216 13 216 2
118 236 11 236 1
116 232 15 232 4
95 190 14 190 4
92 184 25 184 2
84 168 25 168 1
89 178 23 178 1
91 182 19 182 1
84 168 16 168 2
74 148 10 148 0
71 142 12 142 0
72 144 11 144 0
71 142 9 142 0
80 160 12 160 0
90 180 13 180 0
81 162 17 162 0
77 154 15 154 0
71 142 15 142 0
58 116 18 116 0
55 110 15 110 0
55 110 13 110 0
62 124 15 124 0
48 96 9 96 0
42 84 7 84 0
49 98 8 98 0
52 104 5 104 0
60 120 2 120 0
57 114 1 114 0
64 128 1 128 0
60 120 1 120 0
54 108 0 108 0
50 100 0 100 0
50 100 0 100 0
45 90 0 90 0
34 68 0 68 0
33 66 0 66 0
23 46 0 46 0
18 36 0 36 0
21 42 0 42 0
9 18 0 18 0
7 14 0 14 0
4 8 0 8 0
2 4 0 4 0
1 2 0 2 0
0 0 0 0 0
