1003 1982 24 1982 24
1022 2021 23 2021 23
996 1972 19 1979 22
960 1900 22 1905 21
980 1944 19 1949 27
946 1871 20 1873 28
968 1912 12 1913 29
981 1929 11 1939 24
1020 2006 11 2018 30
971 1900 11 1918 31
940 1842 11 1854 34
862 1696 10 1702 33
851 1669 7 1679 31
833 1641 10 1645 35
780 1538 8 1546 33
782 1540 7 1548 31
792 1554 6 1571 41
762 1497 7 1515 43
779 1529 3 1549 45
782 1541 1 1556 48
840 1654 2 1669 51
812 1600 3 1614 52
821 1616 3 1635 69
778 1535 2 1547 63
785 1557 4 1567 63
767 1520 5 1532 60
760 1500 8 1516 66
712 1409 10 1418 54
704 1396 6 1398 49
747 1485 10 1480 54
706 1405 18 1403 48
646 1284 20 1283 43
643 1278 17 1275 39
648 1291 14 1287 36
632 1258 14 1253 29
663 1320 18 1314 24
673 1339 11 1338 25
667 1326 6 1329 19
639 1274 6 1273 14
666 1328 4 1325 13
624 1245 8 1239 8
619 1236 6 1231 8
608 1213 5 1211 4
639 1276 5 1271 3
595 1189 7 1183 3
599 1197 9 1188 1
587 1173 7 1165 2
580 1159 6 1154 3
573 1146 8 1140 3
538 1076 4 1072 3
567 1134 6 1130 4
605 1210 6 1208 3
577 1154 4 1150 1
557 1114 2 1108 0
518 1036 1 1032 0
496 992 0 991 0
499 998 0 997 0
504 1008 0 1006 0
564 1128 0 1122 0
555 1110 0 1103 0
525 1050 0 1045 0
525 1050 0 1043 0
515 1030 0 1024 0
495 990 0 983 0
473 946 0 941 0
471 942 0 938 0
430 860 0 854 0
411 822 0 816 0
374 748 0 742 0
371 742 0 738 0
375 750 0 744 0
363 726 0 720 0
323 646 0 638 0
336 672 0 661 0
366 732 0 720 0
372 744 0 727 0
325 650 0 631 0
325 650 0 626 0
341 682 0 651 0
344 688 0 655 0
331 662 0 630 0
302 604 0 566 0
308 616 0 579 0
322 644 0 615 0
330 660 0 641 0
305 610 0 602 0
299 598 0 591 0
299 598 0 593 0
298 596 0 590 0
291 582 0 577 0
289 578 0 574 0
270 540 0 535 0
267 534 0 526 0
259 518 0 512 0
248 496 0 492 0
250 500 0 495 0
252 504 0 503 0
226 452 0 449 0
205 410 0 406 0
204 408 0 407 0
193 386 0 386 0
192 384 0 384 0
192 384 0 384 0
188 376 0 376 0
180 360 0 360 0
153 306 0 306 0
159 318 0 318 0
156 312 0 312 0
152 304 0 304 0
171 342 0 342 0
169 338 0 338 0
183 366 0 366 0
190 380 0 380 0
183 366 0 366 0
191 382 0 382 0
174 348 0 348 0
191 382 0 382 0
180 360 0 360 0
180 360 0 360 0
165 330 0 330 0
159 318 0 318 0
146 292 0 292 0
154 308 0 308 0
143 286 0 286 0
140 280 0 280 0
146 292 0 292 0
128 256 0 256 0
129 258 0 258 0
118 236 0 236 0
109 218 0 218 0
120 240 0 240 0
106 212 0 212 0
105 210 0 210 0
91 182 0 182 0
87 174 0 174 0
81 162 0 162 0
85 170 0 170 0
78 156 0 156 0
60 120 0 120 0
45 90 0 90 0
42 84 0 84 0
48 96 0 96 0
43 86 0 86 0
55 110 0 110 0
55 110 0 110 0
57 114 0 114 0
50 100 0 100 0
46 92 0 92 0
54 108 0 108 0
52 104 0 104 0
63 126 0 126 0
68 136 0 136 0
72 144 0 144 0
72 144 0 144 0
71 142 0 142 0
76 152 0 152 0
95 190 0 190 0
94 188 0 188 0
106 212 0 212 0
106 212 0 212 0
104 208 0 208 0
98 196 0 196 0
90 180 0 180 0
77 154 0 154 0
84 168 0 168 0
86 172 0 172 0
98 196 0 196 0
92 184 0 184 0
88 176 0 176 0
79 158 0 158 0
51 102 0 102 0
55 110 0 110 0
39 78 0 78 0
42 84 0 84 0
32 64 0 64 0
27 54 0 54 0
38 76 0 76 0
32 64 0 64 0
34 68 0 68 0
35 70 0 70 0
33 66 0 66 0
30 60 0 60 0
28 56 0 56 0
29 58 0 58 0
26 52 0 52 0
28 56 0 56 0
28 56 0 56 0
20 40 0 40 0
15 30 0 30 0
14 28 0 28 0
12 24 0 24 0
15 30 0 30 0
19 38 0 38 0
18 36 0 36 0
24 48 0 48 0
28 56 0 56 0
25 50 0 50 0
20 40 0 40 0
24 48 0 48 0
19 38 0 38 0
24 48 0 48 0
24 48 0 48 0
40 80 0 80 0
36 72 0 72 0
35 70 0 70 0
34 68 0 68 0
29 58 0 58 0
28 56 0 56 0
25 50 0 50 0
21 42 0 42 0
25 50 0 50 0
23 46 0 46 0
16 32 0 32 0
17 34 0 34 0
15 30 0 30 0
14 28 0 28 0
16 32 0 32 0
18 36 0 36 0
12 24 0 24 0
10 20 0 20 0
8 16 0 16 0
9 18 0 18 0
4 8 0 8 0
5 10 0 10 0
3 6 0 6 0
3 6 0 6 0
2 4 0 4 0
3 6 0 6 0
0 0 0 0 0
