1020 2030 10 2030 10
1015 2025 5 2025 5
982 1959 2 1958 8
987 1969 2 1968 11
1034 2063 3 2066 11
990 1972 1 1977 13
930 1857 1 1856 17
903 1804 3 1803 14
881 1759 3 1761 14
926 1849 1 1851 12
864 1726 1 1726 12
874 1745 1 1746 15
879 1752 1 1756 8
903 1798 0 1804 8
883 1757 0 1765 9
869 1732 0 1738 4
847 1689 0 1694 8
840 1676 0 1680 11
803 1601 0 1606 12
805 1602 0 1610 8
817 1624 0 1634 5
787 1563 0 1574 7
736 1462 0 1472 8
665 1320 0 1330 3
644 1282 0 1288 5
615 1224 0 1230 5
603 1200 0 1206 2
575 1145 0 1150 1
577 1145 0 1154 3
596 1180 0 1192 3
596 1172 0 1192 4
618 1218 0 1236 5
586 1162 0 1172 5
568 1128 0 1136 3
541 1075 0 1082 4
529 1052 0 1058 3
531 1056 0 1062 2
520 1035 0 1040 1
471 940 0 942 1
448 895 0 896 2
447 894 0 894 2
418 836 0 836 1
445 890 0 890 0
447 894 0 894 0
448 896 0 896 0
428 856 0 856 0
409 818 0 818 0
388 776 0 776 0
376 752 0 752 0
363 726 0 726 0
329 658 0 658 0
330 660 0 660 0
325 650 0 650 0
324 648 0 648 0
322 644 0 644 0
308 616 0 616 0
309 618 0 618 0
302 604 0 604 0
287 574 0 574 0
294 588 0 588 0
317 634 0 634 0
335 670 0 670 0
302 604 0 604 0
323 646 0 646 0
325 650 0 650 0
343 686 0 686 0
330 660 0 660 0
335 670 0 670 0
315 630 0 630 0
293 586 0 586 0
283 566 0 566 0
270 540 0 540 0
282 564 0 564 0
265 530 0 530 0
259 518 0 518 0
252 504 0 504 0
256 512 0 512 0
258 516 0 516 0
264 528 0 528 0
265 530 0 530 0
271 542 0 542 0
290 580 0 580 0
275 550 0 550 0
278 556 0 556 0
256 512 0 512 0
264 528 0 528 0
234 468 0 468 0
245 490 0 490 0
254 508 0 508 0
253 506 0 506 0
243 486 0 486 0
256 512 0 512 0
260 520 0 520 0
257 514 0 514 0
220 440 0 440 0
225 450 0 450 0
221 442 0 442 0
211 422 0 422 0
212 424 0 424 0
190 380 0 380 0
208 416 0 416 0
200 400 0 400 0
186 372 0 372 0
175 350 0 350 0
200 400 0 400 0
191 382 0 382 0
171 342 0 342 0
159 318 0 318 0
157 314 0 314 0
147 294 0 294 0
142 284 0 284 0
138 276 0 276 0
150 300 0 300 0
165 330 0 330 0
173 346 0 346 0
168 336 0 336 0
157 314 0 314 0
160 320 0 320 0
156 312 0 312 0
149 298 0 298 0
159 318 0 318 0
143 286 0 286 0
136 272 0 272 0
133 266 0 266 0
114 228 0 228 0
103 206 0 206 0
101 202 0 202 0
88 176 0 176 0
79 158 0 158 0
88 176 0 176 0
70 140 0 140 0
61 122 0 122 0
61 122 0 122 0
45 90 0 90 0
37 74 0 74 0
29 58 0 58 0
30 60 0 60 0
37 74 0 74 0
36 72 0 72 0
37 74 0 74 0
43 86 0 86 0
35 70 0 70 0
34 68 0 68 0
37 74 0 74 0
47 94 0 94 0
40 80 0 80 0
39 78 0 78 0
46 92 0 92 0
50 100 0 100 0
49 98 0 98 0
53 106 0 106 0
32 64 0 64 0
30 60 0 60 0
29 58 0 58 0
27 54 0 54 0
18 36 0 36 0
19 38 0 38 0
16 32 0 32 0
19 38 0 38 0
24 48 0 48 0
32 64 0 64 0
36 72 0 72 0
31 62 0 62 0
33 66 0 66 0
34 68 0 68 0
40 80 0 80 0
37 74 0 74 0
44 88 0 88 0
43 86 0 86 0
39 78 0 78 0
30 60 0 60 0
35 70 0 70 0
27 54 0 54 0
27 54 0 54 0
33 66 0 66 0
41 82 0 82 0
44 88 0 88 0
38 76 0 76 0
39 78 0 78 0
51 102 0 102 0
48 96 0 96 0
59 118 0 118 0
60 120 0 120 0
54 108 0 108 0
50 100 0 100 0
48 96 0 96 0
42 84 0 84 0
33 66 0 66 0
36 72 0 72 0
27 54 0 54 0
20 40 0 40 0
21 42 0 42 0
17 34 0 34 0
11 22 0 22 0
14 28 0 28 0
12 24 0 24 0
5 10 0 10 0
4 8 0 8 0
6 12 0 12 0
6 12 0 12 0
4 8 0 8 0
6 12 0 12 0
10 20 0 20 0
10 20 0 20 0
10 20 0 20 0
8 16 0 16 0
7 14 0 14 0
3 6 0 6 0
4 8 0 8 0
4 8 0 8 0
5 10 0 10 0
2 4 0 4 0
3 6 0 6 0
0 0 0 0 0
