1010 1982 38 1982 38
974 1908 40 1908 40
950 1862 38 1863 44
916 1796 32 1804 36
892 1746 29 1760 34
845 1663 30 1672 33
861 1690 25 1701 38
844 1651 27 1676 35
822 1614 27 1637 28
841 1654 29 1676 32
814 1607 29 1621 33
862 1712 28 1715 38
826 1639 26 1646 30
814 1612 25 1620 30
850 1680 29 1692 25
830 1643 27 1653 25
831 1641 29 1658 25
802 1581 34 1604 21
778 1538 34 1556 20
763 1505 23 1526 18
764 1506 17 1528 17
722 1424 13 1444 15
714 1409 17 1428 13
723 1430 16 1446 6
773 1529 20 1546 4
700 1382 18 1400 2
694 1371 12 1388 1
637 1258 9 1274 0
626 1241 15 1252 0
614 1214 14 1228 0
630 1245 17 1260 0
638 1258 10 1276 0
607 1201 9 1214 0
613 1209 8 1226 0
626 1230 7 1252 0
568 1116 10 1136 0
593 1167 9 1186 0
594 1165 8 1188 0
549 1066 4 1098 0
583 1125 4 1166 0
584 1127 2 1168 0
572 1102 4 1144 0
532 1026 8 1064 0
531 1023 4 1062 0
532 1031 9 1064 0
531 1020 8 1062 0
490 940 2 980 0
471 899 4 942 0
458 872 4 916 0
481 917 3 962 0
456 857 0 912 0
457 866 0 914 0
450 850 0 900 0
489 924 0 978 0
495 927 0 990 0
495 937 0 990 0
464 875 0 928 0
476 904 0 952 0
481 914 0 962 0
499 952 0 998 0
484 910 0 968 0
519 981 0 1038 0
488 933 0 976 0
457 866 0 914 0
470 899 0 940 0
472 899 0 944 0
478 901 0 956 0
477 892 0 954 0
473 871 0 946 0
448 820 0 896 0
479 866 0 958 0
469 838 0 938 0
460 815 0 920 0
481 854 0 962 0
488 877 0 976 0
486 879 0 972 0
459 817 0 918 0
421 747 0 842 0
397 707 0 794 0
420 734 0 840 0
425 727 0 850 0
431 744 0 862 0
408 706 0 816 0
408 706 0 816 0
408 707 0 816 0
412 736 0 824 0
413 743 0 826 0
359 653 0 718 0
366 658 0 732 0
359 645 0 718 0
396 711 0 792 0
389 690 0 778 0
376 659 0 752 0
337 582 0 674 0
325 570 0 650 0
287 506 0 574 0
312 542 0 624 0
317 553 0 634 0
325 578 0 650 0
325 579 0 650 0
336 602 0 672 0
356 631 0 712 0
327 584 0 654 0
344 618 0 688 0
317 569 0 634 0
281 496 0 562 0
268 473 0 536 0
260 463 0 520 0
237 424 0 474 0
248 448 0 496 0
271 501 0 542 0
271 487 0 542 0
257 455 0 514 0
252 435 0 504 0
226 396 0 452 0
213 373 0 426 0
198 350 0 396 0
183 324 0 366 0
191 343 0 382 0
180 314 0 360 0
174 300 0 348 0
180 311 0 360 0
195 334 0 390 0
199 340 0 398 0
212 354 0 424 0
199 344 0 398 0
190 323 0 380 0
175 296 0 350 0
145 250 0 290 0
174 302 0 348 0
174 298 0 348 0
166 274 0 332 0
157 256 0 314 0
132 219 0 264 0
153 269 0 306 0
153 273 0 306 0
159 277 0 318 0
157 275 0 314 0
141 238 0 282 0
136 239 0 272 0
118 205 0 236 0
121 210 0 242 0
116 200 0 232 0
103 181 0 206 0
104 181 0 208 0
102 179 0 204 0
98 170 0 196 0
90 164 0 180 0
69 122 0 138 0
71 124 0 142 0
66 117 0 132 0
60 106 0 120 0
53 93 0 106 0
52 87 0 104 0
57 95 0 114 0
54 91 0 108 0
58 97 0 116 0
66 106 0 132 0
78 124 0 156 0
75 110 0 150 0
55 77 0 110 0
56 79 0 112 0
51 76 0 102 0
62 96 0 124 0
52 85 0 104 0
49 78 0 98 0
64 105 0 128 0
65 109 0 130 0
64 111 0 128 0
62 110 0 124 0
52 90 0 104 0
44 76 0 88 0
46 78 0 92 0
33 54 0 66 0
34 50 0 68 0
32 48 0 64 0
27 43 0 54 0
19 30 0 38 0
24 35 0 48 0
29 39 0 58 0
32 43 0 64 0
39 49 0 78 0
30 39 0 60 0
25 34 0 50 0
21 21 0 42 0
21 23 0 42 0
23 22 0 46 0
36 30 0 72 0
34 26 0 68 0
31 25 0 62 0
28 20 0 56 0
27 18 0 54 0
31 21 0 62 0
24 20 0 48 0
21 16 0 42 0
20 16 0 40 0
21 21 0 42 0
30 30 0 60 0
22 21 0 44 0
18 16 0 36 0
15 16 0 30 0
12 12 0 24 0
11 13 0 22 0
9 9 0 18 0
8 9 0 16 0
3 5 0 6 0
6 8 0 12 0
5 7 0 10 0
6 9 0 12 0
5 6 0 10 0
5 7 0 10 0
6 7 0 12 0
7 6 0 14 0
6 4 0 12 0
7 4 0 14 0
8 3 0 16 0
9 3 0 18 0
11 4 0 22 0
9 2 0 18 0
13 3 0 26 0
13 4 0 26 0
10 7 0 20 0
9 8 0 18 0
9 9 0 18 0
16 16 0 32 0
12 13 0 24 0
14 15 0 28 0
13 16 0 26 0
12 12 0 24 0
15 13 0 30 0
16 13 0 32 0
18 13 0 36 0
18 15 0 36 0
12 14 0 24 0
13 16 0 26 0
16 21 0 32 0
21 30 0 42 0
16 21 0 32 0
20 30 0 40 0
24 39 0 48 0
18 29 0 36 0
10 16 0 20 0
11 19 0 22 0
12 20 0 24 0
12 18 0 24 0
8 13 0 16 0
8 13 0 16 0
5 9 0 10 0
5 10 0 10 0
8 16 0 16 0
4 8 0 8 0
7 14 0 14 0
6 12 0 12 0
3 6 0 6 0
4 8 0 8 0
3 6 0 6 0
2 4 0 4 0
3 6 0 6 0
1 2 0 2 0
1 2 0 2 0
0 0 0 0 0
