963 1892 34 1892 34
1000 1956 44 1956 44
962 1884 40 1885 40
967 1885 47 1894 65
1011 1958 56 1977 57
1035 2004 61 2017 57
1017 1968 67 1988 51
1001 1944 67 1967 57
1014 1980 59 1980 55
955 1871 50 1866 63
983 1924 49 1923 61
936 1824 51 1830 57
911 1767 45 1781 54
883 1709 46 1714 50
922 1792 42 1783 58
967 1878 34 1876 65
1002 1933 45 1947 62
1004 1952 48 1931 67
992 1933 63 1899 55
950 1847 61 1819 61
995 1930 73 1889 61
971 1864 62 1856 79
927 1792 63 1767 67
859 1645 62 1637 65
840 1596 58 1602 68
863 1636 59 1652 79
817 1539 42 1563 73
808 1522 28 1536 58
800 1492 22 1533 47
800 1497 26 1528 42
756 1423 30 1449 50
713 1330 28 1363 52
723 1342 31 1366 52
681 1255 25 1296 62
675 1253 22 1302 57
636 1162 26 1223 47
618 1137 20 1186 66
550 1000 30 1064 84
545 994 21 1054 86
496 907 18 958 71
500 920 19 962 80
467 867 16 885 78
454 832 10 855 75
464 837 4 875 79
460 829 1 869 77
450 804 4 837 83
439 798 3 822 75
445 798 0 833 84
428 762 0 805 68
414 742 0 780 77
412 727 0 780 73
389 680 0 742 57
378 664 0 719 53
410 716 0 772 61
411 713 0 770 48
429 738 0 793 52
444 766 0 825 60
425 722 0 790 63
429 721 0 804 65
466 768 0 895 55
427 710 0 817 53
429 699 0 821 69
414 666 0 802 53
432 701 0 832 50
415 670 0 789 46
429 708 0 826 53
419 674 0 820 60
398 615 0 777 51
372 576 0 724 48
347 529 0 670 43
368 571 0 703 39
326 515 0 622 36
337 525 0 639 30
311 470 0 593 29
297 453 0 565 26
306 470 0 582 35
308 484 0 582 39
299 452 0 564 39
288 449 0 544 43
304 475 0 571 36
283 450 0 530 31
272 422 0 496 30
256 403 0 462 26
242 382 0 441 18
211 335 0 385 18
225 360 0 412 22
251 411 0 456 26
271 431 0 497 26
262 426 0 476 24
253 410 0 452 22
255 423 0 446 19
272 450 0 488 19
256 422 0 452 16
252 421 0 453 14
275 472 0 504 13
282 495 0 523 12
261 452 0 476 11
263 442 0 475 13
257 440 0 452 9
228 394 0 400 7
212 358 0 379 9
212 356 0 392 12
205 344 0 371 11
201 347 0 365 11
185 326 0 342 11
175 316 0 321 13
165 302 0 304 13
163 300 0 291 14
144 267 0 256 12
128 232 0 231 7
126 222 0 225 5
110 188 0 197 1
93 159 0 174 0
85 140 0 164 0
86 141 0 163 0
83 133 0 153 0
88 141 0 164 0
83 141 0 156 0
86 152 0 156 0
90 158 0 158 0
91 167 0 157 0
98 177 0 163 0
93 165 0 154 0
110 191 0 192 0
101 180 0 173 0
80 136 0 134 0
82 137 0 144 0
78 129 0 144 0
71 115 0 129 0
61 95 0 111 0
57 79 0 108 0
59 82 0 111 0
50 70 0 96 0
58 81 0 113 0
46 60 0 90 0
55 74 0 106 0
50 71 0 96 0
40 51 0 77 0
38 40 0 73 0
34 31 0 65 0
27 23 0 52 0
26 25 0 49 0
24 24 0 46 0
24 22 0 45 0
15 16 0 30 0
25 26 0 50 0
21 21 0 42 0
26 22 0 52 0
28 23 0 56 0
22 19 0 44 0
21 16 0 42 0
21 22 0 42 0
23 24 0 46 0
22 27 0 44 0
17 23 0 34 0
13 17 0 26 0
16 19 0 32 0
12 10 0 24 0
7 7 0 14 0
9 12 0 18 0
17 21 0 34 0
23 33 0 46 0
22 32 0 44 0
23 31 0 46 0
14 21 0 28 0
9 12 0 18 0
11 15 0 22 0
7 9 0 14 0
8 9 0 16 0
12 17 0 24 0
14 21 0 28 0
12 19 0 24 0
11 17 0 22 0
7 7 0 14 0
5 3 0 10 0
6 6 0 12 0
5 6 0 10 0
4 6 0 8 0
6 10 0 12 0
8 13 0 16 0
9 16 0 18 0
8 16 0 16 0
10 20 0 20 0
5 10 0 10 0
5 10 0 10 0
4 8 0 8 0
6 12 0 12 0
2 4 0 4 0
1 2 0 2 0
0 0 0 0 0
