1012 1976 48 1976 48
910 1771 49 1771 49
925 1801 46 1804 46
906 1760 56 1763 61
940 1820 68 1830 68
927 1808 65 1823 70
922 1804 74 1803 80
952 1855 74 1865 83
902 1764 81 1774 73
844 1655 81 1651 72
853 1672 94 1681 73
821 1612 91 1626 89
812 1590 92 1603 75
778 1524 84 1540 75
782 1526 103 1548 100
758 1470 119 1500 102
750 1448 115 1480 112
748 1435 112 1477 111
737 1402 144 1452 109
708 1344 159 1403 96
732 1389 182 1445 109
708 1332 167 1401 121
736 1398 144 1458 125
682 1286 119 1348 113
710 1328 103 1410 135
748 1401 125 1490 149
705 1313 113 1404 136
743 1360 130 1481 142
746 1360 138 1488 149
755 1383 127 1506 153
735 1328 113 1467 125
696 1237 93 1389 119
678 1205 87 1354 109
672 1208 69 1342 113
684 1233 67 1366 114
627 1126 59 1253 95
622 1131 78 1244 94
667 1226 91 1334 90
678 1245 107 1356 93
677 1234 102 1354 96
654 1198 94 1308 100
616 1127 91 1232 93
661 1202 103 1322 101
659 1188 113 1318 93
640 1159 126 1280 86
640 1159 129 1280 86
655 1190 130 1310 72
634 1159 133 1268 60
614 1115 141 1228 52
606 1099 159 1212 43
572 1047 138 1144 44
568 1028 135 1136 47
576 1031 130 1152 60
545 979 136 1090 61
541 972 129 1082 67
523 935 126 1046 69
490 847 123 980 75
463 803 103 926 76
438 759 103 876 67
405 706 86 810 68
388 680 93 776 69
391 679 89 782 70
388 660 83 776 71
382 651 76 764 72
388 650 66 776 81
357 602 76 714 83
368 610 70 736 77
384 625 64 768 79
396 650 60 792 67
381 616 41 762 63
359 570 37 718 56
355 578 42 710 44
336 563 37 672 47
361 585 39 722 46
351 573 36 702 33
322 521 46 644 31
323 515 46 646 32
339 546 39 678 38
332 545 36 664 20
345 569 38 690 20
322 543 28 644 24
316 519 28 632 33
304 496 22 608 25
312 516 17 624 26
318 531 19 636 24
316 525 19 632 25
342 577 26 684 30
363 614 33 726 41
359 594 30 718 34
346 594 32 692 36
318 530 33 636 31
334 564 36 668 28
338 566 38 676 25
309 515 25 618 28
303 500 28 606 38
316 513 32 632 37
322 519 28 644 36
326 525 23 652 31
313 504 18 626 39
317 516 20 634 41
274 445 23 548 33
252 414 24 504 31
260 416 23 520 36
282 424 37 564 48
270 376 36 540 52
249 352 29 498 48
236 326 27 472 41
229 309 26 458 43
215 295 19 430 39
227 300 27 454 42
215 273 33 430 33
218 280 37 436 29
231 295 48 462 40
217 284 42 434 25
210 286 41 420 24
209 274 30 418 27
231 308 40 462 35
230 302 34 460 21
229 290 28 458 29
231 284 26 462 26
244 296 31 488 32
247 312 35 494 41
259 311 35 518 41
283 332 44 566 43
255 329 48 510 33
252 327 49 504 34
225 286 38 450 32
237 317 38 474 29
248 330 48 496 25
250 311 40 500 24
261 316 33 522 30
236 288 30 472 25
215 247 19 430 20
189 213 22 378 18
166 183 18 332 14
174 197 20 348 21
162 181 22 324 19
147 164 23 294 20
147 160 24 294 15
165 176 27 330 17
167 168 22 334 16
143 148 24 286 11
151 151 29 302 10
153 171 29 306 10
166 184 26 332 15
165 186 29 330 19
169 192 33 338 18
179 188 37 358 13
190 226 52 380 7
184 215 66 368 8
184 220 77 368 9
192 217 72 384 9
184 191 74 368 6
172 197 74 344 6
157 183 75 314 3
160 189 81 320 6
161 183 80 322 4
172 189 89 344 8
165 178 84 330 1
171 178 86 342 2
156 159 74 312 0
172 168 83 344 0
173 177 97 346 0
175 196 97 350 0
196 203 110 392 0
196 203 98 392 0
185 193 95 370 0
180 195 83 360 0
216 231 104 432 0
204 223 103 408 0
199 212 111 398 0
196 194 107 392 0
207 207 104 414 0
219 209 109 438 0
236 236 108 472 0
222 197 90 444 0
237 212 95 474 0
223 192 87 446 0
201 177 98 402 0
200 176 106 400 0
190 164 108 380 0
172 163 104 344 0
195 169 136 390 0
199 163 131 398 0
225 199 175 450 0
219 183 160 438 0
225 157 170 450 0
196 136 144 392 0
204 135 150 408 0
211 136 158 422 0
233 153 179 466 0
219 145 154 438 0
224 147 158 448 0
236 152 164 472 0
233 150 168 466 0
214 140 151 428 0
217 142 160 434 0
204 134 140 408 0
204 140 159 408 0
198 131 157 396 0
181 114 134 362 0
167 111 116 334 0
159 99 106 318 0
144 73 101 288 0
130 66 97 260 0
145 70 107 290 0
134 55 110 268 0
131 54 91 262 0
137 64 118 274 0
127 49 107 254 0
110 44 99 220 0
118 48 106 236 0
111 48 108 222 0
114 63 99 228 0
138 70 113 276 0
141 69 111 282 0
152 79 132 304 0
143 77 134 286 0
136 81 129 272 0
136 74 122 272 0
143 78 136 286 0
146 78 150 292 0
147 82 148 294 0
148 93 159 296 0
143 96 153 286 0
163 107 181 326 0
151 106 180 302 0
139 92 171 278 0
135 94 176 270 0
168 113 226 336 0
159 102 225 318 0
145 99 197 290 0
131 87 182 262 0
103 68 133 206 0
77 54 106 154 0
59 46 81 118 0
62 51 78 124 0
68 57 92 136 0
74 64 107 148 0
75 67 105 150 0
70 70 99 140 0
71 67 113 142 0
56 56 91 112 0
63 67 95 126 0
76 83 114 152 0
93 105 147 186 0
91 95 151 182 0
88 95 149 176 0
96 105 163 192 0
97 101 166 194 0
89 96 140 178 0
78 80 124 156 0
84 89 126 168 0
86 92 141 172 0
76 82 131 152 0
80 84 136 160 0
75 76 122 150 0
77 78 120 154 0
70 70 111 140 0
69 61 102 138 0
71 65 102 142 0
73 70 100 146 0
74 72 96 148 0
75 71 89 150 0
81 70 85 162 0
91 73 102 182 0
111 98 123 222 0
106 112 124 212 0
125 142 142 250 0
129 156 143 258 0
134 163 148 268 0
138 167 155 276 0
143 177 173 286 0
133 170 162 266 0
135 161 165 270 0
137 174 170 274 0
144 164 179 288 0
117 141 143 234 0
131 156 157 262 0
120 153 151 240 0
115 152 151 230 0
121 168 158 242 0
99 137 136 198 0
109 150 139 218 0
108 150 143 216 0
108 146 144 216 0
142 192 187 284 0
123 156 155 246 0
129 146 166 258 0
122 129 154 244 0
106 109 132 212 0
104 109 141 208 0
98 94 121 196 0
94 91 115 188 0
85 74 112 170 0
78 66 103 156 0
62 46 86 124 0
61 40 80 122 0
61 44 71 122 0
62 42 74 124 0
61 35 67 122 0
53 31 58 106 0
61 30 70 122 0
45 19 51 90 0
43 22 47 86 0
39 24 34 78 0
39 20 35 78 0
31 13 29 62 0
37 19 27 74 0
35 14 28 70 0
36 19 27 72 0
34 22 21 68 0
39 23 27 78 0
40 27 26 80 0
50 28 39 100 0
43 21 36 86 0
44 18 39 88 0
42 21 43 84 0
50 25 50 100 0
42 16 41 84 0
42 13 41 84 0
43 12 46 86 0
45 11 54 90 0
49 17 59 98 0
38 21 51 76 0
47 25 65 94 0
35 21 46 70 0
33 18 45 66 0
30 14 40 60 0
25 11 35 50 0
27 11 39 54 0
23 8 32 46 0
21 9 24 42 0
25 14 31 50 0
21 14 29 42 0
22 12 29 44 0
20 6 29 40 0
17 5 23 34 0
11 4 15 22 0
16 9 26 32 0
13 9 18 26 0
13 11 18 26 0
16 12 19 32 0
9 6 7 18 0
12 8 13 24 0
7 4 6 14 0
10 4 7 20 0
8 4 8 16 0
14 5 16 28 0
14 5 16 28 0
14 1 21 28 0
11 2 17 22 0
6 2 9 12 0
3 1 5 6 0
1 0 2 2 0
1 0 2 2 0
1 0 2 2 0
0 0 0 0 0
