933 1814 52 1814 52
904 1763 45 1763 45
931 1819 51 1815 41
899 1753 48 1746 41
904 1767 51 1761 47
882 1718 43 1724 43
808 1580 35 1571 45
857 1677 48 1657 45
829 1613 58 1609 43
770 1499 58 1497 32
749 1450 66 1454 30
781 1509 76 1513 25
812 1579 73 1586 24
817 1595 64 1586 21
778 1517 67 1503 27
780 1511 60 1505 34
736 1417 55 1420 27
673 1289 48 1298 24
657 1258 44 1270 28
694 1327 53 1329 27
681 1300 49 1307 29
688 1301 48 1321 34
669 1256 46 1284 32
676 1270 39 1292 37
661 1247 33 1261 37
660 1250 37 1256 36
644 1215 36 1214 41
626 1186 45 1193 32
637 1215 61 1214 38
580 1111 66 1106 40
595 1131 69 1138 40
578 1087 59 1115 37
576 1069 49 1102 26
539 999 41 1040 19
482 897 44 929 24
481 900 46 932 17
460 871 42 894 14
441 837 40 862 12
401 756 37 783 16
396 751 38 773 15
360 683 28 701 10
340 636 25 661 9
338 633 28 653 9
311 579 29 604 10
306 569 19 594 8
329 612 19 646 13
330 609 18 648 18
325 599 11 634 20
318 590 6 615 21
343 645 7 658 27
365 688 10 692 25
364 687 14 699 18
357 680 26 686 16
323 603 29 609 10
310 588 36 590 7
305 578 36 583 8
293 550 37 563 7
302 572 36 581 6
295 560 39 571 3
269 507 34 527 2
224 421 26 439 0
228 432 24 444 0
257 491 29 502 0
265 504 36 521 0
246 463 35 481 0
222 425 37 433 0
215 405 35 420 0
199 380 33 392 0
218 414 45 427 0
213 410 44 417 0
232 441 50 455 0
238 458 50 466 0
238 448 41 467 0
268 508 44 527 0
262 496 52 517 0
251 479 40 496 0
256 491 34 502 0
279 535 41 543 0
252 482 42 492 0
225 420 36 439 0
224 422 39 436 0
230 437 38 450 0
220 418 34 426 0
224 429 28 435 0
230 437 38 445 0
237 450 39 460 0
243 468 30 478 0
253 491 36 498 0
264 510 35 521 0
267 518 39 528 0
247 480 43 489 0
253 495 42 498 0
280 551 49 556 0
305 607 55 605 0
311 615 59 620 0
313 612 61 624 0
319 628 67 636 0
303 600 58 604 0
280 558 64 556 0
295 589 68 585 0
279 555 69 552 0
261 520 57 511 0
263 523 62 521 0
257 509 63 509 0
255 506 64 502 0
267 532 69 518 0
249 497 61 483 0
259 516 71 503 0
278 555 79 535 0
293 586 90 559 0
306 612 102 590 0
298 596 103 574 0
296 592 98 576 0
284 568 78 547 0
274 548 95 522 0
273 546 89 522 0
260 520 80 499 0
271 542 73 518 0
252 504 84 475 0
228 456 73 433 0
193 386 62 368 0
191 382 61 365 0
169 338 53 320 0
156 312 58 294 0
168 336 66 316 0
166 332 64 303 0
169 338 66 317 0
166 332 61 311 0
157 314 61 299 0
150 300 61 284 0
158 316 60 299 0
137 274 52 254 0
138 276 52 253 0
140 280 51 258 0
140 280 46 262 0
138 276 45 266 0
138 276 38 270 0
116 232 33 226 0
132 264 36 256 0
129 258 40 252 0
129 258 44 253 0
142 284 51 279 0
158 316 45 310 0
157 314 27 308 0
153 306 29 297 0
164 328 23 316 0
128 256 15 242 0
130 260 16 238 0
142 284 18 258 0
145 290 16 266 0
131 262 18 241 0
140 280 16 253 0
135 270 20 239 0
142 284 18 257 0
137 274 21 249 0
105 210 18 193 0
106 212 13 193 0
101 202 7 187 0
91 182 1 171 0
104 208 1 201 0
93 186 0 181 0
98 196 0 191 0
95 190 0 187 0
77 154 0 151 0
79 158 0 156 0
80 160 0 160 0
80 160 0 160 0
91 182 0 182 0
79 158 0 158 0
70 140 0 140 0
61 122 0 122 0
59 118 0 118 0
58 116 0 116 0
54 108 0 108 0
66 132 0 132 0
65 130 0 130 0
71 142 0 142 0
78 156 0 156 0
82 164 0 164 0
67 134 0 134 0
68 136 0 136 0
66 132 0 132 0
61 122 0 122 0
55 110 0 110 0
68 136 0 136 0
68 136 0 136 0
69 138 0 138 0
80 160 0 160 0
73 146 0 146 0
76 152 0 152 0
82 164 0 164 0
93 186 0 186 0
77 154 0 154 0
71 142 0 142 0
62 124 0 124 0
49 98 0 98 0
50 100 0 100 0
55 110 0 110 0
52 104 0 104 0
45 90 0 90 0
53 106 0 106 0
52 104 0 104 0
46 92 0 92 0
32 64 0 64 0
41 82 0 82 0
43 86 0 86 0
30 60 0 60 0
28 56 0 56 0
28 56 0 56 0
31 62 0 62 0
33 66 0 66 0
43 86 0 86 0
38 76 0 76 0
41 82 0 82 0
22 44 0 44 0
19 38 0 38 0
19 38 0 38 0
19 38 0 38 0
14 28 0 28 0
20 40 0 40 0
17 34 0 34 0
20 40 0 40 0
21 42 0 42 0
20 40 0 40 0
19 38 0 38 0
16 32 0 32 0
16 32 0 32 0
17 34 0 34 0
17 34 0 34 0
19 38 0 38 0
21 42 0 42 0
24 48 0 48 0
22 44 0 44 0
27 54 0 54 0
28 56 0 56 0
41 82 0 82 0
47 94 0 94 0
48 96 0 96 0
52 104 0 104 0
51 102 0 102 0
52 104 0 104 0
46 92 0 92 0
42 84 0 84 0
42 84 0 84 0
43 86 0 86 0
45 90 0 90 0
42 84 0 84 0
42 84 0 84 0
46 92 0 92 0
41 82 0 82 0
37 74 0 74 0
46 92 0 92 0
36 72 0 72 0
39 78 0 78 0
41 82 0 82 0
42 84 0 84 0
35 70 0 70 0
34 68 0 68 0
21 42 0 42 0
13 26 0 26 0
17 34 0 34 0
20 40 0 40 0
25 50 0 50 0
23 46 0 46 0
22 44 0 44 0
31 62 0 62 0
22 44 0 44 0
20 40 0 40 0
24 48 0 48 0
21 42 0 42 0
14 28 0 28 0
15 30 0 30 0
15 30 0 30 0
13 26 0 26 0
20 40 0 40 0
16 32 0 32 0
15 30 0 30 0
19 38 0 38 0
15 30 0 30 0
11 22 0 22 0
10 20 0 20 0
9 18 0 18 0
16 32 0 32 0
18 36 0 36 0
11 22 0 22 0
10 20 0 20 0
7 14 0 14 0
10 20 0 20 0
8 16 0 16 0
8 16 0 16 0
9 18 0 18 0
6 12 0 12 0
11 22 0 22 0
13 26 0 26 0
11 22 0 22 0
12 24 0 24 0
13 26 0 26 0
11 22 0 22 0
8 16 0 16 0
11 22 0 22 0
8 16 0 16 0
11 22 0 22 0
14 28 0 28 0
22 44 0 44 0
19 38 0 38 0
17 34 0 34 0
28 56 0 56 0
21 42 0 42 0
20 40 0 40 0
18 36 0 36 0
13 26 0 26 0
16 32 0 32 0
9 18 0 18 0
11 22 0 22 0
14 28 0 28 0
10 20 0 20 0
9 18 0 18 0
9 18 0 18 0
8 16 0 16 0
8 16 0 16 0
6 12 0 12 0
10 20 0 20 0
5 10 0 10 0
7 14 0 14 0
6 12 0 12 0
4 8 0 8 0
1 2 0 2 0
1 2 0 2 0
1 2 0 2 0
2 4 0 4 0
2 4 0 4 0
3 6 0 6 0
1 2 0 2 0
1 2 0 2 0
0 0 0 0 0
