1051 2058 44 2058 44
1089 2136 42 2136 42
1067 2089 50 2082 43
1064 2096 55 2075 45
1024 2017 51 1996 44
1060 2089 45 2068 54
1053 2079 52 2052 64
977 1928 37 1912 49
954 1876 38 1867 60
929 1825 44 1814 56
931 1837 42 1822 63
910 1796 47 1793 59
908 1795 43 1793 58
872 1724 43 1721 61
858 1697 45 1698 56
878 1734 49 1744 57
963 1900 53 1907 70
933 1835 51 1851 73
929 1818 41 1847 72
936 1828 38 1861 69
876 1704 33 1739 71
832 1628 33 1648 67
861 1681 40 1700 66
845 1660 41 1676 68
880 1734 31 1743 67
794 1569 31 1572 60
791 1557 26 1565 57
799 1569 33 1583 64
794 1555 40 1572 51
795 1558 41 1570 48
799 1570 39 1584 59
838 1634 45 1661 46
866 1675 47 1720 42
857 1667 35 1703 47
803 1552 32 1595 48
771 1491 26 1530 56
817 1578 25 1615 60
822 1590 32 1627 59
816 1567 38 1615 55
776 1490 39 1535 41
767 1465 50 1509 44
737 1407 46 1451 30
770 1471 48 1521 30
776 1477 56 1536 35
780 1486 59 1536 33
771 1471 42 1531 36
738 1396 39 1470 34
738 1395 39 1472 31
704 1315 46 1404 39
651 1208 44 1299 42
624 1161 49 1245 39
588 1098 46 1173 34
632 1159 57 1262 38
612 1106 52 1220 40
613 1106 44 1222 42
596 1096 52 1189 44
603 1113 49 1202 47
585 1084 60 1166 48
596 1108 58 1184 42
610 1141 67 1214 39
575 1082 54 1144 37
541 1014 51 1077 38
558 1055 40 1111 39
522 978 34 1036 31
541 1007 32 1069 30
551 1011 32 1085 34
521 950 27 1029 36
537 986 34 1062 36
503 922 38 996 32
486 883 42 957 26
486 890 32 951 20
468 850 23 916 20
454 812 18 892 30
401 719 14 789 25
389 691 19 767 23
393 710 26 777 24
402 715 19 792 23
369 643 20 733 22
391 678 26 779 16
393 672 31 784 16
406 701 39 811 17
375 643 39 748 18
396 682 35 791 17
385 658 36 770 20
389 651 38 778 14
371 601 30 742 14
373 612 25 746 14
363 607 22 726 6
356 608 24 712 1
332 559 25 664 0
308 515 22 616 0
324 551 24 648 0
315 533 25 630 0
291 489 20 582 0
292 494 19 584 0
298 504 12 596 0
287 472 11 574 0
269 427 6 538 0
276 455 4 552 0
282 450 6 564 0
294 470 3 588 0
306 479 1 612 0
327 498 0 654 0
296 461 0 592 0
298 453 0 596 0
309 476 0 618 0
295 446 0 590 0
292 439 0 584 0
280 426 0 560 0
257 389 0 514 0
258 397 0 516 0
259 402 0 518 0
258 367 0 516 0
249 342 0 498 0
238 330 0 476 0
251 349 0 502 0
238 322 0 476 0
211 287 0 422 0
204 288 0 408 0
223 311 0 446 0
244 337 0 488 0
228 295 0 456 0
239 319 0 478 0
225 306 0 450 0
213 288 0 426 0
224 293 0 448 0
233 302 0 466 0
231 304 0 462 0
210 271 0 420 0
208 251 0 416 0
221 279 0 442 0
206 239 0 412 0
187 196 0 374 0
190 216 0 380 0
196 224 0 392 0
189 228 0 378 0
182 233 0 364 0
171 210 0 342 0
152 193 0 304 0
161 188 0 322 0
142 144 0 284 0
161 163 0 322 0
175 171 0 350 0
174 167 0 348 0
166 160 0 332 0
157 148 0 314 0
152 154 0 304 0
154 174 0 308 0
160 179 0 320 0
171 202 0 342 0
161 170 0 322 0
159 185 0 318 0
144 164 0 288 0
133 156 0 266 0
136 164 0 272 0
140 170 0 280 0
143 179 0 286 0
153 205 0 306 0
138 175 0 276 0
123 143 0 246 0
114 126 0 228 0
122 139 0 244 0
110 150 0 220 0
118 165 0 236 0
119 157 0 238 0
113 157 0 226 0
131 182 0 262 0
122 181 0 244 0
123 186 0 246 0
110 167 0 220 0
81 130 0 162 0
80 125 0 160 0
90 143 0 180 0
83 124 0 166 0
84 126 0 168 0
81 125 0 162 0
90 148 0 180 0
83 138 0 166 0
88 150 0 176 0
89 148 0 178 0
95 153 0 190 0
69 112 0 138 0
57 92 0 114 0
60 92 0 120 0
67 96 0 134 0
70 98 0 140 0
58 74 0 116 0
58 77 0 116 0
70 100 0 140 0
73 110 0 146 0
86 133 0 172 0
81 115 0 162 0
86 114 0 172 0
90 114 0 180 0
92 123 0 184 0
94 120 0 188 0
109 144 0 218 0
118 149 0 236 0
112 134 0 224 0
77 96 0 154 0
79 89 0 158 0
79 98 0 158 0
89 99 0 178 0
88 99 0 176 0
88 96 0 176 0
85 85 0 170 0
87 80 0 174 0
81 83 0 162 0
87 92 0 174 0
99 107 0 198 0
98 105 0 196 0
106 124 0 212 0
92 118 0 184 0
91 106 0 182 0
62 82 0 124 0
63 87 0 126 0
49 69 0 98 0
45 59 0 90 0
48 70 0 96 0
48 73 0 96 0
38 57 0 76 0
41 64 0 82 0
43 67 0 86 0
30 46 0 60 0
32 45 0 64 0
34 46 0 68 0
31 39 0 62 0
33 38 0 66 0
18 17 0 36 0
18 18 0 36 0
23 24 0 46 0
28 30 0 56 0
30 36 0 60 0
29 29 0 58 0
27 28 0 54 0
20 19 0 40 0
19 20 0 38 0
25 29 0 50 0
20 26 0 40 0
14 21 0 28 0
12 18 0 24 0
9 14 0 18 0
8 14 0 16 0
8 13 0 16 0
7 13 0 14 0
4 7 0 8 0
4 7 0 8 0
4 8 0 8 0
1 2 0 2 0
2 4 0 4 0
5 10 0 10 0
5 10 0 10 0
2 4 0 4 0
1 2 0 2 0
2 4 0 4 0
0 0 0 0 0
