974 1904 44 1904 44
991 1940 42 1940 42
960 1885 41 1894 36
933 1840 36 1835 31
867 1710 27 1704 25
888 1745 24 1739 22
893 1751 14 1747 22
864 1690 9 1687 23
825 1609 8 1612 17
843 1637 15 1633 22
812 1577 16 1582 16
833 1609 19 1621 10
850 1646 18 1651 8
848 1651 18 1657 7
770 1501 14 1499 8
812 1592 14 1578 6
838 1642 12 1638 7
817 1604 15 1594 7
800 1566 20 1559 5
774 1509 15 1506 5
739 1432 15 1441 3
693 1332 18 1352 2
703 1343 27 1375 2
649 1250 15 1260 2
648 1249 26 1263 0
648 1235 23 1265 0
653 1250 34 1275 0
586 1117 31 1140 0
606 1157 31 1174 0
584 1113 36 1124 0
624 1185 50 1208 0
602 1135 44 1166 0
613 1162 62 1180 0
618 1172 78 1201 0
566 1069 79 1096 0
543 1023 69 1039 0
526 994 61 1011 0
496 943 65 951 0
448 861 57 867 0
442 843 51 864 0
415 791 42 806 0
385 735 37 753 0
380 721 33 738 0
381 716 32 745 0
383 722 35 748 0
416 786 44 813 0
387 736 42 762 0
404 772 47 800 0
376 722 52 744 0
375 706 35 740 0
369 693 37 731 0
373 685 33 738 0
367 663 30 720 0
349 633 23 686 0
351 640 16 693 0
328 585 11 648 0
325 593 14 645 0
322 581 18 639 0
294 525 26 585 0
250 448 24 499 0
235 421 17 469 0
247 447 16 494 0
255 458 12 510 0
256 455 9 512 0
266 477 12 532 0
265 489 9 530 0
245 457 9 490 0
228 416 10 456 0
237 433 11 474 0
254 463 22 508 0
247 445 17 494 0
249 446 15 498 0
258 458 19 516 0
245 442 17 490 0
257 465 15 514 0
230 416 14 460 0
201 352 14 402 0
207 357 16 414 0
198 350 18 396 0
197 350 13 394 0
179 319 6 358 0
192 335 4 384 0
169 292 3 338 0
158 279 4 316 0
148 265 6 296 0
158 280 9 316 0
160 286 12 320 0
160 285 12 320 0
151 277 15 302 0
165 300 20 330 0
171 302 13 342 0
169 289 11 338 0
178 306 4 356 0
175 302 2 350 0
169 297 0 338 0
175 305 0 350 0
164 285 0 328 0
154 261 0 308 0
161 252 0 322 0
167 258 0 334 0
159 250 0 318 0
176 274 0 352 0
182 276 0 364 0
174 262 0 348 0
157 240 0 314 0
155 236 0 310 0
151 228 0 302 0
145 212 0 290 0
141 200 0 282 0
149 207 0 298 0
161 216 0 322 0
173 224 0 346 0
164 216 0 328 0
155 202 0 310 0
150 199 0 300 0
151 204 0 302 0
146 185 0 292 0
137 180 0 274 0
154 209 0 308 0
139 186 0 278 0
127 187 0 254 0
114 175 0 228 0
104 161 0 208 0
116 189 0 232 0
91 147 0 182 0
78 122 0 156 0
78 123 0 156 0
68 116 0 136 0
62 105 0 124 0
65 107 0 130 0
66 107 0 132 0
64 104 0 128 0
65 102 0 130 0
59 89 0 118 0
76 114 0 152 0
68 108 0 136 0
61 100 0 122 0
58 90 0 116 0
68 100 0 136 0
64 90 0 128 0
66 99 0 132 0
49 71 0 98 0
39 58 0 78 0
53 77 0 106 0
56 81 0 112 0
48 71 0 96 0
45 72 0 90 0
60 99 0 120 0
59 95 0 118 0
46 73 0 92 0
48 68 0 96 0
51 77 0 102 0
44 67 0 88 0
47 73 0 94 0
57 90 0 114 0
62 91 0 124 0
72 100 0 144 0
67 91 0 134 0
57 78 0 114 0
62 85 0 124 0
73 101 0 146 0
75 110 0 150 0
70 99 0 140 0
72 107 0 144 0
69 92 0 138 0
57 69 0 114 0
57 76 0 114 0
53 74 0 106 0
66 101 0 132 0
61 99 0 122 0
59 94 0 118 0
48 70 0 96 0
52 78 0 104 0
50 73 0 100 0
48 70 0 96 0
58 87 0 116 0
51 81 0 102 0
51 83 0 102 0
61 103 0 122 0
67 110 0 134 0
60 95 0 120 0
53 90 0 106 0
52 92 0 104 0
50 91 0 100 0
43 77 0 86 0
27 49 0 54 0
26 47 0 52 0
22 36 0 44 0
24 35 0 48 0
29 43 0 58 0
31 49 0 62 0
27 45 0 54 0
27 49 0 54 0
27 52 0 54 0
24 43 0 48 0
28 51 0 56 0
35 69 0 70 0
42 82 0 84 0
51 100 0 102 0
39 74 0 78 0
36 69 0 72 0
37 66 0 74 0
40 75 0 80 0
30 56 0 60 0
32 61 0 64 0
26 49 0 52 0
29 53 0 58 0
16 29 0 32 0
23 44 0 46 0
19 36 0 38 0
13 25 0 26 0
14 27 0 28 0
8 15 0 16 0
7 13 0 14 0
9 17 0 18 0
14 26 0 28 0
12 20 0 24 0
13 23 0 26 0
9 18 0 18 0
16 32 0 32 0
12 24 0 24 0
8 16 0 16 0
5 10 0 10 0
7 14 0 14 0
7 14 0 14 0
6 12 0 12 0
3 6 0 6 0
1 2 0 2 0
1 2 0 2 0
2 4 0 4 0
3 6 0 6 0
1 2 0 2 0
1 2 0 2 0
2 4 0 4 0
2 4 0 4 0
0 0 0 0 0
