1053 2064 42 2064 42
1037 2030 44 2030 44
1010 1980 48 1979 37
1013 1992 56 1982 47
976 1918 42 1914 41
963 1882 44 1891 53
1008 1972 40 1976 50
998 1954 41 1961 38
964 1871 31 1900 27
975 1905 31 1921 32
940 1831 25 1852 40
946 1830 25 1862 47
946 1844 19 1865 43
951 1852 16 1871 35
948 1846 17 1870 47
954 1853 8 1887 43
897 1732 5 1777 27
877 1689 3 1739 24
838 1617 7 1665 26
783 1511 9 1551 27
748 1451 8 1478 22
791 1538 8 1571 25
741 1436 5 1473 18
689 1327 4 1371 26
692 1325 3 1377 21
673 1287 3 1338 20
685 1315 1 1364 24
648 1230 1 1290 22
666 1258 3 1329 24
655 1242 0 1305 20
658 1245 0 1313 23
618 1191 0 1230 21
639 1234 0 1265 25
625 1202 0 1240 22
641 1239 0 1273 10
633 1228 0 1258 15
620 1190 0 1237 11
603 1145 0 1204 12
572 1088 0 1142 10
578 1083 0 1156 7
594 1108 0 1188 10
583 1096 0 1166 6
579 1093 0 1158 5
580 1089 0 1160 5
583 1094 0 1166 6
603 1123 0 1206 9
604 1115 0 1208 2
612 1137 0 1224 4
604 1122 0 1208 6
653 1219 0 1306 3
656 1229 0 1312 3
646 1215 0 1292 4
628 1177 0 1256 4
613 1156 0 1226 3
629 1186 0 1258 2
632 1184 0 1264 2
626 1164 0 1252 0
561 1046 0 1122 0
511 954 0 1022 0
523 969 0 1046 0
528 978 0 1056 0
558 1021 0 1116 0
526 966 0 1052 0
542 985 0 1084 0
547 995 0 1094 0
537 977 0 1074 0
550 1011 0 1100 0
548 1000 0 1096 0
503 920 0 1006 0
494 896 0 988 0
452 829 0 904 0
476 862 0 952 0
474 855 0 948 0
504 902 0 1008 0
478 864 0 956 0
464 839 0 928 0
478 867 0 956 0
473 864 0 946 0
489 898 0 978 0
475 869 0 950 0
456 837 0 912 0
427 773 0 854 0
415 759 0 830 0
419 762 0 838 0
408 736 0 816 0
419 769 0 838 0
418 773 0 836 0
423 780 0 846 0
383 686 0 766 0
396 711 0 792 0
359 644 0 718 0
331 605 0 662 0
342 631 0 684 0
320 597 0 640 0
302 566 0 604 0
293 559 0 586 0
306 588 0 612 0
332 636 0 664 0
327 623 0 654 0
344 659 0 688 0
342 654 0 684 0
336 648 0 672 0
295 569 0 590 0
283 544 0 566 0
267 509 0 534 0
262 496 0 524 0
270 512 0 540 0
260 492 0 520 0
236 448 0 472 0
231 433 0 462 0
236 431 0 472 0
245 445 0 490 0
234 427 0 468 0
228 411 0 456 0
213 387 0 426 0
209 376 0 418 0
215 385 0 430 0
218 395 0 436 0
202 357 0 404 0
199 354 0 398 0
224 409 0 448 0
237 425 0 474 0
204 350 0 408 0
206 362 0 412 0
204 357 0 408 0
223 392 0 446 0
220 383 0 440 0
219 372 0 438 0
210 358 0 420 0
189 330 0 378 0
190 329 0 380 0
173 302 0 346 0
155 276 0 310 0
133 229 0 266 0
119 201 0 238 0
125 210 0 250 0
142 245 0 284 0
150 252 0 300 0
159 261 0 318 0
145 240 0 290 0
160 266 0 320 0
166 258 0 332 0
181 286 0 362 0
179 302 0 358 0
177 301 0 354 0
175 306 0 350 0
156 264 0 312 0
136 224 0 272 0
133 220 0 266 0
133 215 0 266 0
118 194 0 236 0
118 181 0 236 0
101 156 0 202 0
112 165 0 224 0
129 190 0 258 0
130 184 0 260 0
108 155 0 216 0
111 153 0 222 0
112 144 0 224 0
132 169 0 264 0
134 167 0 268 0
120 155 0 240 0
108 133 0 216 0
96 119 0 192 0
86 121 0 172 0
87 116 0 174 0
83 120 0 166 0
87 141 0 174 0
76 123 0 152 0
81 131 0 162 0
92 163 0 184 0
86 150 0 172 0
87 157 0 174 0
70 119 0 140 0
65 108 0 130 0
67 112 0 134 0
69 123 0 138 0
70 132 0 140 0
62 119 0 124 0
54 103 0 108 0
46 83 0 92 0
48 89 0 96 0
50 91 0 100 0
55 102 0 110 0
53 99 0 106 0
54 105 0 108 0
59 114 0 118 0
55 108 0 110 0
46 89 0 92 0
44 87 0 88 0
46 91 0 92 0
40 77 0 80 0
40 76 0 80 0
35 66 0 70 0
35 69 0 70 0
40 79 0 80 0
53 103 0 106 0
52 99 0 104 0
58 109 0 116 0
40 72 0 80 0
38 66 0 76 0
30 52 0 60 0
31 54 0 62 0
32 61 0 64 0
38 72 0 76 0
46 83 0 92 0
41 79 0 82 0
48 93 0 96 0
32 62 0 64 0
34 67 0 68 0
41 79 0 82 0
38 72 0 76 0
47 90 0 94 0
53 102 0 106 0
56 107 0 112 0
69 134 0 138 0
67 132 0 134 0
74 145 0 148 0
78 151 0 156 0
73 141 0 146 0
77 148 0 154 0
79 150 0 158 0
84 157 0 168 0
75 140 0 150 0
82 155 0 164 0
100 189 0 200 0
103 198 0 206 0
108 204 0 216 0
104 195 0 208 0
105 200 0 210 0
109 208 0 218 0
117 214 0 234 0
117 216 0 234 0
120 224 0 240 0
114 216 0 228 0
82 160 0 164 0
65 126 0 130 0
68 133 0 136 0
71 137 0 142 0
76 151 0 152 0
78 154 0 156 0
60 118 0 120 0
59 117 0 118 0
60 120 0 120 0
62 124 0 124 0
62 124 0 124 0
55 110 0 110 0
48 96 0 96 0
45 90 0 90 0
46 92 0 92 0
38 76 0 76 0
39 78 0 78 0
39 78 0 78 0
37 74 0 74 0
29 58 0 58 0
25 50 0 50 0
24 48 0 48 0
23 46 0 46 0
23 46 0 46 0
16 32 0 32 0
18 36 0 36 0
19 38 0 38 0
18 36 0 36 0
22 44 0 44 0
16 32 0 32 0
15 30 0 30 0
21 42 0 42 0
17 34 0 34 0
23 46 0 46 0
18 36 0 36 0
18 36 0 36 0
16 32 0 32 0
17 34 0 34 0
21 42 0 42 0
14 28 0 28 0
9 18 0 18 0
10 20 0 20 0
6 12 0 12 0
3 6 0 6 0
2 4 0 4 0
3 6 0 6 0
5 10 0 10 0
0 0 0 0 0
