925 1818 32 1818 32
894 1761 27 1761 27
888 1749 33 1741 28
912 1797 27 1793 21
913 1798 30 1789 25
890 1751 29 1753 19
888 1748 23 1748 24
857 1693 14 1689 25
894 1770 15 1760 29
828 1635 9 1624 26
792 1569 9 1554 29
749 1483 9 1467 31
730 1444 10 1429 25
733 1451 14 1431 22
726 1436 17 1416 15
703 1387 18 1371 17
725 1431 32 1410 18
683 1343 34 1319 17
641 1264 28 1232 12
638 1258 20 1231 14
605 1188 20 1173 9
634 1244 16 1233 7
638 1252 15 1241 4
612 1206 6 1199 5
605 1191 2 1189 5
599 1182 3 1179 10
573 1137 3 1126 17
559 1112 7 1093 13
538 1067 10 1055 10
530 1050 11 1039 12
521 1027 11 1020 23
541 1065 17 1068 23
528 1045 20 1048 22
544 1079 14 1084 15
490 976 8 978 8
486 965 2 971 7
442 879 1 883 6
406 808 3 811 6
367 733 2 734 4
373 746 2 746 4
392 784 3 784 1
368 736 3 736 1
367 734 2 734 1
362 724 0 724 1
367 734 0 734 4
366 732 0 732 4
390 780 0 780 3
400 800 0 800 3
396 792 0 792 3
368 736 0 736 1
404 808 0 808 1
413 826 0 826 1
408 816 0 816 0
394 788 0 788 0
401 802 0 802 0
382 764 0 764 0
371 742 0 742 0
344 688 0 688 0
340 680 0 680 0
367 734 0 734 0
364 728 0 728 0
365 730 0 730 0
345 690 0 690 0
330 660 0 660 0
330 660 0 660 0
301 602 0 602 0
308 616 0 616 0
299 598 0 598 0
309 618 0 618 0
316 632 0 632 0
319 638 0 638 0
312 624 0 624 0
290 580 0 580 0
293 586 0 586 0
303 606 0 606 0
277 554 0 554 0
254 508 0 508 0
250 500 0 500 0
226 452 0 452 0
235 470 0 470 0
236 472 0 472 0
238 476 0 476 0
262 524 0 524 0
276 552 0 552 0
269 538 0 538 0
269 538 0 538 0
269 538 0 538 0
282 564 0 564 0
278 556 0 556 0
275 550 0 550 0
279 558 0 558 0
311 622 0 622 0
308 616 0 616 0
308 616 0 616 0
306 612 0 612 0
291 582 0 582 0
314 628 0 628 0
302 604 0 604 0
292 584 0 584 0
285 570 0 570 0
255 510 0 510 0
247 494 0 494 0
236 472 0 472 0
223 446 0 446 0
209 418 0 418 0
203 406 0 406 0
208 416 0 416 0
210 420 0 420 0
192 384 0 384 0
182 364 0 364 0
190 380 0 380 0
199 398 0 398 0
170 340 0 340 0
156 312 0 312 0
135 270 0 270 0
135 270 0 270 0
125 250 0 250 0
113 226 0 226 0
122 244 0 244 0
129 258 0 258 0
120 240 0 240 0
122 244 0 244 0
103 206 0 206 0
108 216 0 216 0
124 248 0 248 0
128 256 0 256 0
132 264 0 264 0
124 248 0 248 0
107 214 0 214 0
110 220 0 220 0
116 232 0 232 0
125 250 0 250 0
116 232 0 232 0
92 184 0 184 0
95 190 0 190 0
102 204 0 204 0
113 226 0 226 0
106 212 0 212 0
110 220 0 220 0
115 230 0 230 0
114 228 0 228 0
109 218 0 218 0
106 212 0 212 0
114 228 0 228 0
95 190 0 190 0
94 188 0 188 0
109 218 0 218 0
82 164 0 164 0
71 142 0 142 0
81 162 0 162 0
78 156 0 156 0
69 138 0 138 0
78 156 0 156 0
72 144 0 144 0
80 160 0 160 0
79 158 0 158 0
87 174 0 174 0
94 188 0 188 0
92 184 0 184 0
94 188 0 188 0
110 220 0 220 0
115 230 0 230 0
117 234 0 234 0
113 226 0 226 0
105 210 0 210 0
104 208 0 208 0
91 182 0 182 0
78 156 0 156 0
71 142 0 142 0
71 142 0 142 0
57 114 0 114 0
58 116 0 116 0
44 88 0 88 0
42 84 0 84 0
42 84 0 84 0
48 96 0 96 0
56 112 0 112 0
44 88 0 88 0
42 84 0 84 0
45 90 0 90 0
46 92 0 92 0
44 88 0 88 0
39 78 0 78 0
33 66 0 66 0
25 50 0 50 0
28 56 0 56 0
21 42 0 42 0
20 40 0 40 0
22 44 0 44 0
22 44 0 44 0
24 48 0 48 0
25 50 0 50 0
33 66 0 66 0
30 60 0 60 0
31 62 0 62 0
36 72 0 72 0
46 92 0 92 0
42 84 0 84 0
35 70 0 70 0
23 46 0 46 0
26 52 0 52 0
25 50 0 50 0
29 58 0 58 0
28 56 0 56 0
25 50 0 50 0
25 50 0 50 0
17 34 0 34 0
13 26 0 26 0
18 36 0 36 0
15 30 0 30 0
13 26 0 26 0
17 34 0 34 0
14 28 0 28 0
9 18 0 18 0
7 14 0 14 0
6 12 0 12 0
4 8 0 8 0
5 10 0 10 0
8 16 0 16 0
14 28 0 28 0
19 38 0 38 0
17 34 0 34 0
13 26 0 26 0
22 44 0 44 0
18 36 0 36 0
11 22 0 22 0
10 20 0 20 0
8 16 0 16 0
6 12 0 12 0
10 20 0 20 0
14 28 0 28 0
10 20 0 20 0
11 22 0 22 0
12 24 0 24 0
14 28 0 28 0
9 18 0 18 0
7 14 0 14 0
7 14 0 14 0
4 8 0 8 0
1 2 0 2 0
1 2 0 2 0
3 6 0 6 0
7 14 0 14 0
3 6 0 6 0
2 4 0 4 0
1 2 0 2 0
0 0 0 0 0
