941 1882 0 1882 0
922 1844 0 1844 0
918 1836 0 1836 0
917 1834 0 1834 0
884 1768 0 1768 0
863 1726 0 1726 0
848 1696 0 1696 0
829 1658 0 1658 0
830 1660 0 1660 0
829 1658 0 1658 0
816 1632 0 1632 0
778 1556 0 1556 0
790 1580 0 1580 0
816 1632 0 1632 0
780 1560 0 1560 0
774 1548 0 1548 0
711 1422 0 1422 0
700 1400 0 1400 0
706 1412 0 1412 0
702 1404 0 1404 0
674 1348 0 1348 0
680 1360 0 1360 0
669 1338 0 1338 0
652 1304 0 1304 0
643 1286 0 1286 0
680 1360 0 1360 0
685 1370 0 1370 0
682 1364 0 1364 0
640 1280 0 1280 0
635 1270 0 1270 0
618 1236 0 1236 0
652 1304 0 1304 0
652 1304 0 1304 0
651 1302 0 1302 0
608 1216 0 1216 0
607 1214 0 1214 0
571 1142 0 1142 0
594 1188 0 1188 0
579 1158 0 1158 0
541 1082 0 1082 0
534 1068 0 1068 0
501 1002 0 1002 0
481 962 0 962 0
471 942 0 942 0
500 1000 0 1000 0
540 1080 0 1080 0
560 1120 0 1120 0
596 1192 0 1192 0
570 1140 0 1140 0
535 1070 0 1070 0
509 1018 0 1018 0
490 980 0 980 0
462 924 0 924 0
431 862 0 862 0
441 882 0 882 0
444 888 0 888 0
422 844 0 844 0
418 836 0 836 0
415 830 0 830 0
413 826 0 826 0
356 712 0 712 0
349 698 0 698 0
333 666 0 666 0
292 584 0 584 0
297 594 0 594 0
277 554 0 554 0
258 516 0 516 0
246 492 0 492 0
247 494 0 494 0
235 470 0 470 0
202 404 0 404 0
175 350 0 350 0
191 382 0 382 0
180 360 0 360 0
191 382 0 382 0
184 368 0 368 0
184 368 0 368 0
168 336 0 336 0
163 326 0 326 0
158 316 0 316 0
162 324 0 324 0
155 310 0 310 0
159 318 0 318 0
144 288 0 288 0
138 276 0 276 0
130 260 0 260 0
138 276 0 276 0
139 278 0 278 0
118 236 0 236 0
138 276 0 276 0
115 230 0 230 0
97 194 0 194 0
76 152 0 152 0
75 150 0 150 0
72 144 0 144 0
69 138 0 138 0
62 124 0 124 0
46 92 0 92 0
45 90 0 90 0
50 100 0 100 0
50 100 0 100 0
52 104 0 104 0
38 76 0 76 0
29 58 0 58 0
38 76 0 76 0
35 70 0 70 0
41 82 0 82 0
38 76 0 76 0
30 60 0 60 0
33 66 0 66 0
38 76 0 76 0
33 66 0 66 0
37 74 0 74 0
39 78 0 78 0
47 94 0 94 0
51 102 0 102 0
43 86 0 86 0
42 84 0 84 0
41 82 0 82 0
43 86 0 86 0
31 62 0 62 0
29 58 0 58 0
27 54 0 54 0
25 50 0 50 0
30 60 0 60 0
25 50 0 50 0
39 78 0 78 0
41 82 0 82 0
38 76 0 76 0
32 64 0 64 0
32 64 0 64 0
30 60 0 60 0
33 66 0 66 0
33 66 0 66 0
32 64 0 64 0
26 52 0 52 0
21 42 0 42 0
23 46 0 46 0
16 32 0 32 0
10 20 0 20 0
5 10 0 10 0
6 12 0 12 0
11 22 0 22 0
13 26 0 26 0
11 22 0 22 0
12 24 0 24 0
15 30 0 30 0
16 32 0 32 0
19 38 0 38 0
17 34 0 34 0
15 30 0 30 0
10 20 0 20 0
10 20 0 20 0
10 20 0 20 0
11 22 0 22 0
4 8 0 8 0
6 12 0 12 0
3 6 0 6 0
3 6 0 6 0
4 8 0 8 0
2 4 0 4 0
1 2 0 2 0
1 2 0 2 0
1 2 0 2 0
0 0 0 0 0
