942 1884 0 1884 0
938 1876 0 1876 0
894 1788 0 1788 0
839 1678 0 1678 0
798 1596 0 1596 0
794 1588 0 1588 0
743 1486 0 1486 0
697 1394 0 1394 0
686 1372 0 1372 0
647 1294 0 1294 0
653 1306 0 1306 0
654 1308 0 1308 0
673 1346 0 1346 0
664 1328 0 1328 0
683 1366 0 1366 0
662 1324 0 1324 0
666 1332 0 1332 0
711 1422 0 1422 0
688 1376 0 1376 0
685 1370 0 1370 0
665 1330 0 1330 0
635 1270 0 1270 0
605 1210 0 1210 0
637 1274 0 1274 0
646 1292 0 1292 0
613 1226 0 1226 0
573 1146 0 1146 0
568 1136 0 1136 0
532 1064 0 1064 0
505 1010 0 1010 0
465 930 0 930 0
454 908 0 908 0
436 872 0 872 0
453 906 0 906 0
481 962 0 962 0
493 986 0 986 0
453 906 0 906 0
442 884 0 884 0
426 852 0 852 0
418 836 0 836 0
391 782 0 782 0
370 740 0 740 0
411 822 0 822 0
424 848 0 848 0
387 774 0 774 0
355 710 0 710 0
395 790 0 790 0
385 770 0 770 0
357 714 0 714 0
325 650 0 650 0
288 576 0 576 0
281 562 0 562 0
288 576 0 576 0
261 522 0 522 0
250 500 0 500 0
254 508 0 508 0
259 518 0 518 0
213 426 0 426 0
220 440 0 440 0
196 392 0 392 0
175 350 0 350 0
159 318 0 318 0
153 306 0 306 0
179 358 0 358 0
185 370 0 370 0
159 318 0 318 0
162 324 0 324 0
166 332 0 332 0
159 318 0 318 0
148 296 0 296 0
160 320 0 320 0
159 318 0 318 0
161 322 0 322 0
184 368 0 368 0
192 384 0 384 0
208 416 0 416 0
193 386 0 386 0
173 346 0 346 0
153 306 0 306 0
160 320 0 320 0
178 356 0 356 0
157 314 0 314 0
159 318 0 318 0
150 300 0 300 0
171 342 0 342 0
163 326 0 326 0
166 332 0 332 0
158 316 0 316 0
156 312 0 312 0
149 298 0 298 0
158 316 0 316 0
162 324 0 324 0
153 306 0 306 0
147 294 0 294 0
142 284 0 284 0
156 312 0 312 0
183 366 0 366 0
167 334 0 334 0
162 324 0 324 0
179 358 0 358 0
155 310 0 310 0
159 318 0 318 0
171 342 0 342 0
158 316 0 316 0
173 346 0 346 0
173 346 0 346 0
203 406 0 406 0
193 386 0 386 0
164 328 0 328 0
152 304 0 304 0
120 240 0 240 0
142 284 0 284 0
131 262 0 262 0
123 246 0 246 0
129 258 0 258 0
117 234 0 234 0
111 222 0 222 0
90 180 0 180 0
92 184 0 184 0
90 180 0 180 0
91 182 0 182 0
84 168 0 168 0
94 188 0 188 0
81 162 0 162 0
74 148 0 148 0
79 158 0 158 0
83 166 0 166 0
66 132 0 132 0
58 116 0 116 0
55 110 0 110 0
56 112 0 112 0
51 102 0 102 0
59 118 0 118 0
54 108 0 108 0
55 110 0 110 0
53 106 0 106 0
52 104 0 104 0
59 118 0 118 0
56 112 0 112 0
62 124 0 124 0
47 94 0 94 0
39 78 0 78 0
29 58 0 58 0
26 52 0 52 0
16 32 0 32 0
19 38 0 38 0
18 36 0 36 0
23 46 0 46 0
15 30 0 30 0
21 42 0 42 0
18 36 0 36 0
21 42 0 42 0
16 32 0 32 0
12 24 0 24 0
13 26 0 26 0
11 22 0 22 0
9 18 0 18 0
11 22 0 22 0
10 20 0 20 0
8 16 0 16 0
5 10 0 10 0
7 14 0 14 0
6 12 0 12 0
4 8 0 8 0
3 6 0 6 0
2 4 0 4 0
2 4 0 4 0
2 4 0 4 0
0 0 0 0 0
