1012 2024 0 2024 0
979 1958 0 1958 0
979 1958 0 1958 0
958 1916 0 1916 0
977 1954 0 1954 0
927 1854 0 1854 0
903 1806 0 1806 0
859 1718 0 1718 0
837 1674 0 1674 0
853 1706 0 1706 0
812 1624 0 1624 0
807 1614 0 1614 0
812 1624 0 1624 0
791 1582 0 1582 0
788 1576 0 1576 0
764 1528 0 1528 0
783 1566 0 1566 0
774 1548 0 1548 0
779 1558 0 1558 0
763 1526 0 1526 0
761 1522 0 1522 0
745 1490 0 1490 0
753 1506 0 1506 0
745 1490 0 1490 0
759 1518 0 1518 0
733 1466 0 1466 0
722 1444 0 1444 0
727 1454 0 1454 0
751 1502 0 1502 0
776 1552 0 1552 0
783 1566 0 1566 0
740 1480 0 1480 0
735 1470 0 1470 0
710 1420 0 1420 0
661 1322 0 1322 0
665 1330 0 1330 0
607 1214 0 1214 0
613 1226 0 1226 0
585 1170 0 1170 0
592 1184 0 1184 0
555 1110 0 1110 0
528 1056 0 1056 0
534 1068 0 1068 0
511 1022 0 1022 0
470 940 0 940 0
476 952 0 952 0
465 930 0 930 0
459 918 0 918 0
478 956 0 956 0
503 1006 0 1006 0
471 942 0 942 0
459 918 0 918 0
437 874 0 874 0
451 902 0 902 0
470 940 0 940 0
487 974 0 974 0
455 910 0 910 0
455 910 0 910 0
414 828 0 828 0
457 914 0 914 0
459 918 0 918 0
447 894 0 894 0
430 860 0 860 0
416 832 0 832 0
423 846 0 846 0
382 764 0 764 0
387 774 0 774 0
377 754 0 754 0
404 808 0 808 0
395 790 0 790 0
349 698 0 698 0
339 678 0 678 0
313 626 0 626 0
294 588 0 588 0
260 520 0 520 0
264 528 0 528 0
246 492 0 492 0
223 446 0 446 0
202 404 0 404 0
192 384 0 384 0
192 384 0 384 0
191 382 0 382 0
194 388 0 388 0
185 370 0 370 0
178 356 0 356 0
184 368 0 368 0
187 374 0 374 0
176 352 0 352 0
180 360 0 360 0
182 364 0 364 0
181 362 0 362 0
184 368 0 368 0
160 320 0 320 0
171 342 0 342 0
174 348 0 348 0
148 296 0 296 0
136 272 0 272 0
158 316 0 316 0
181 362 0 362 0
176 352 0 352 0
172 344 0 344 0
167 334 0 334 0
146 292 0 292 0
159 318 0 318 0
149 298 0 298 0
144 288 0 288 0
169 338 0 338 0
192 384 0 384 0
176 352 0 352 0
162 324 0 324 0
143 286 0 286 0
149 298 0 298 0
164 328 0 328 0
170 340 0 340 0
156 312 0 312 0
133 266 0 266 0
134 268 0 268 0
121 242 0 242 0
116 232 0 232 0
114 228 0 228 0
115 230 0 230 0
99 198 0 198 0
98 196 0 196 0
93 186 0 186 0
107 214 0 214 0
96 192 0 192 0
96 192 0 192 0
107 214 0 214 0
100 200 0 200 0
91 182 0 182 0
86 172 0 172 0
71 142 0 142 0
70 140 0 140 0
67 134 0 134 0
59 118 0 118 0
56 112 0 112 0
45 90 0 90 0
52 104 0 104 0
72 144 0 144 0
86 172 0 172 0
92 184 0 184 0
85 170 0 170 0
73 146 0 146 0
74 148 0 148 0
66 132 0 132 0
62 124 0 124 0
61 122 0 122 0
67 134 0 134 0
64 128 0 128 0
74 148 0 148 0
64 128 0 128 0
60 120 0 120 0
54 108 0 108 0
48 96 0 96 0
36 72 0 72 0
31 62 0 62 0
27 54 0 54 0
35 70 0 70 0
32 64 0 64 0
33 66 0 66 0
26 52 0 52 0
30 60 0 60 0
33 66 0 66 0
29 58 0 58 0
33 66 0 66 0
38 76 0 76 0
34 68 0 68 0
26 52 0 52 0
17 34 0 34 0
23 46 0 46 0
17 34 0 34 0
25 50 0 50 0
22 44 0 44 0
17 34 0 34 0
17 34 0 34 0
9 18 0 18 0
8 16 0 16 0
13 26 0 26 0
10 20 0 20 0
12 24 0 24 0
11 22 0 22 0
16 32 0 32 0
23 46 0 46 0
26 52 0 52 0
29 58 0 58 0
43 86 0 86 0
37 74 0 74 0
34 68 0 68 0
18 36 0 36 0
11 22 0 22 0
9 18 0 18 0
8 16 0 16 0
7 14 0 14 0
7 14 0 14 0
6 12 0 12 0
8 16 0 16 0
7 14 0 14 0
7 14 0 14 0
8 16 0 16 0
4 8 0 8 0
6 12 0 12 0
5 10 0 10 0
7 14 0 14 0
6 12 0 12 0
6 12 0 12 0
4 8 0 8 0
7 14 0 14 0
8 16 0 16 0
9 18 0 18 0
11 22 0 22 0
12 24 0 24 0
13 26 0 26 0
17 34 0 34 0
19 38 0 38 0
30 60 0 60 0
29 58 0 58 0
24 48 0 48 0
30 60 0 60 0
32 64 0 64 0
31 62 0 62 0
34 68 0 68 0
34 68 0 68 0
38 76 0 76 0
38 76 0 76 0
37 74 0 74 0
31 62 0 62 0
26 52 0 52 0
27 54 0 54 0
23 46 0 46 0
29 58 0 58 0
30 60 0 60 0
28 56 0 56 0
22 44 0 44 0
22 44 0 44 0
24 48 0 48 0
17 34 0 34 0
25 50 0 50 0
29 58 0 58 0
34 68 0 68 0
33 66 0 66 0
28 56 0 56 0
18 36 0 36 0
16 32 0 32 0
16 32 0 32 0
14 28 0 28 0
17 34 0 34 0
15 30 0 30 0
14 28 0 28 0
13 26 0 26 0
16 32 0 32 0
14 28 0 28 0
6 12 0 12 0
5 10 0 10 0
10 20 0 20 0
13 26 0 26 0
16 32 0 32 0
17 34 0 34 0
19 38 0 38 0
21 42 0 42 0
19 38 0 38 0
16 32 0 32 0
14 28 0 28 0
13 26 0 26 0
20 40 0 40 0
23 46 0 46 0
19 38 0 38 0
20 40 0 40 0
16 32 0 32 0
14 28 0 28 0
14 28 0 28 0
12 24 0 24 0
10 20 0 20 0
9 18 0 18 0
5 10 0 10 0
3 6 0 6 0
4 8 0 8 0
5 10 0 10 0
5 10 0 10 0
6 12 0 12 0
4 8 0 8 0
3 6 0 6 0
3 6 0 6 0
4 8 0 8 0
2 4 0 4 0
2 4 0 4 0
1 2 0 2 0
1 2 0 2 0
1 2 0 2 0
1 2 0 2 0
0 0 0 0 0
