982 1964 0 1964 0
961 1922 0 1922 0
929 1858 0 1858 0
956 1912 0 1912 0
952 1904 0 1904 0
877 1754 0 1754 0
880 1760 0 1760 0
853 1706 0 1706 0
866 1732 0 1732 0
851 1702 0 1702 0
867 1734 0 1734 0
848 1696 0 1696 0
828 1656 0 1656 0
807 1614 0 1614 0
793 1586 0 1586 0
780 1560 0 1560 0
745 1490 0 1490 0
724 1448 0 1448 0
726 1452 0 1452 0
733 1466 0 1466 0
716 1432 0 1432 0
707 1414 0 1414 0
717 1434 0 1434 0
691 1382 0 1382 0
636 1272 0 1272 0
644 1288 0 1288 0
624 1248 0 1248 0
589 1178 0 1178 0
528 1056 0 1056 0
505 1010 0 1010 0
518 1036 0 1036 0
554 1108 0 1108 0
517 1034 0 1034 0
485 970 0 970 0
511 1022 0 1022 0
522 1044 0 1044 0
526 1052 0 1052 0
502 1004 0 1004 0
480 960 0 960 0
496 992 0 992 0
485 970 0 970 0
518 1036 0 1036 0
496 992 0 992 0
490 980 0 980 0
490 980 0 980 0
474 948 0 948 0
522 1044 0 1044 0
531 1062 0 1062 0
505 1010 0 1010 0
478 956 0 956 0
463 926 0 926 0
436 872 0 872 0
431 862 0 862 0
411 822 0 822 0
408 816 0 816 0
395 790 0 790 0
385 770 0 770 0
374 748 0 748 0
357 714 0 714 0
335 670 0 670 0
314 628 0 628 0
288 576 0 576 0
250 500 0 500 0
220 440 0 440 0
215 430 0 430 0
192 384 0 384 0
202 404 0 404 0
206 412 0 412 0
192 384 0 384 0
181 362 0 362 0
185 370 0 370 0
196 392 0 392 0
194 388 0 388 0
222 444 0 444 0
215 430 0 430 0
227 454 0 454 0
225 450 0 450 0
228 456 0 456 0
233 466 0 466 0
222 444 0 444 0
181 362 0 362 0
171 342 0 342 0
172 344 0 344 0
153 306 0 306 0
154 308 0 308 0
170 340 0 340 0
155 310 0 310 0
149 298 0 298 0
132 264 0 264 0
142 284 0 284 0
131 262 0 262 0
122 244 0 244 0
122 244 0 244 0
130 260 0 260 0
145 290 0 290 0
138 276 0 276 0
148 296 0 296 0
147 294 0 294 0
136 272 0 272 0
137 274 0 274 0
134 268 0 268 0
106 212 0 212 0
111 222 0 222 0
119 238 0 238 0
104 208 0 208 0
97 194 0 194 0
103 206 0 206 0
100 200 0 200 0
89 178 0 178 0
96 192 0 192 0
86 172 0 172 0
83 166 0 166 0
82 164 0 164 0
84 168 0 168 0
86 172 0 172 0
83 166 0 166 0
65 130 0 130 0
75 150 0 150 0
81 162 0 162 0
71 142 0 142 0
65 130 0 130 0
67 134 0 134 0
58 116 0 116 0
43 86 0 86 0
39 78 0 78 0
36 72 0 72 0
32 64 0 64 0
34 68 0 68 0
34 68 0 68 0
33 66 0 66 0
30 60 0 60 0
27 54 0 54 0
35 70 0 70 0
35 70 0 70 0
34 68 0 68 0
27 54 0 54 0
31 62 0 62 0
25 50 0 50 0
15 30 0 30 0
13 26 0 26 0
13 26 0 26 0
18 36 0 36 0
19 38 0 38 0
18 36 0 36 0
15 30 0 30 0
22 44 0 44 0
27 54 0 54 0
33 66 0 66 0
38 76 0 76 0
36 72 0 72 0
33 66 0 66 0
47 94 0 94 0
47 94 0 94 0
44 88 0 88 0
43 86 0 86 0
32 64 0 64 0
32 64 0 64 0
22 44 0 44 0
15 30 0 30 0
10 20 0 20 0
16 32 0 32 0
11 22 0 22 0
18 36 0 36 0
19 38 0 38 0
16 32 0 32 0
14 28 0 28 0
15 30 0 30 0
12 24 0 24 0
11 22 0 22 0
5 10 0 10 0
2 4 0 4 0
3 6 0 6 0
3 6 0 6 0
4 8 0 8 0
8 16 0 16 0
5 10 0 10 0
6 12 0 12 0
5 10 0 10 0
6 12 0 12 0
2 4 0 4 0
3 6 0 6 0
3 6 0 6 0
3 6 0 6 0
3 6 0 6 0
4 8 0 8 0
6 12 0 12 0
6 12 0 12 0
9 18 0 18 0
10 20 0 20 0
9 18 0 18 0
8 16 0 16 0
6 12 0 12 0
6 12 0 12 0
9 18 0 18 0
8 16 0 16 0
8 16 0 16 0
8 16 0 16 0
11 22 0 22 0
11 22 0 22 0
17 34 0 34 0
16 32 0 32 0
24 48 0 48 0
20 40 0 40 0
19 38 0 38 0
24 48 0 48 0
21 42 0 42 0
15 30 0 30 0
17 34 0 34 0
14 28 0 28 0
12 24 0 24 0
12 24 0 24 0
10 20 0 20 0
12 24 0 24 0
14 28 0 28 0
18 36 0 36 0
14 28 0 28 0
16 32 0 32 0
10 20 0 20 0
8 16 0 16 0
3 6 0 6 0
2 4 0 4 0
2 4 0 4 0
1 2 0 2 0
1 2 0 2 0
1 2 0 2 0
1 2 0 2 0
1 2 0 2 0
0 0 0 0 0
