968 1936 0 1936 0
943 1886 0 1886 0
938 1876 0 1876 0
916 1832 0 1832 0
925 1850 0 1850 0
957 1914 0 1914 0
998 1996 0 1996 0
1009 2018 0 2018 0
1047 2094 0 2094 0
1041 2082 0 2082 0
991 1982 0 1982 0
953 1906 0 1906 0
963 1926 0 1926 0
984 1968 0 1968 0
965 1930 0 1930 0
932 1864 0 1864 0
904 1808 0 1808 0
891 1782 0 1782 0
837 1674 0 1674 0
844 1688 0 1688 0
795 1590 0 1590 0
744 1488 0 1488 0
742 1484 0 1484 0
706 1412 0 1412 0
690 1380 0 1380 0
676 1352 0 1352 0
706 1412 0 1412 0
701 1402 0 1402 0
667 1334 0 1334 0
650 1300 0 1300 0
645 1290 0 1290 0
613 1226 0 1226 0
625 1250 0 1250 0
610 1220 0 1220 0
565 1130 0 1130 0
575 1150 0 1150 0
540 1080 0 1080 0
518 1036 0 1036 0
489 978 0 978 0
482 964 0 964 0
455 910 0 910 0
440 880 0 880 0
464 928 0 928 0
433 866 0 866 0
428 856 0 856 0
405 810 0 810 0
398 796 0 796 0
364 728 0 728 0
350 700 0 700 0
382 764 0 764 0
402 804 0 804 0
377 754 0 754 0
366 732 0 732 0
362 724 0 724 0
320 640 0 640 0
349 698 0 698 0
316 632 0 632 0
307 614 0 614 0
336 672 0 672 0
362 724 0 724 0
373 746 0 746 0
365 730 0 730 0
358 716 0 716 0
346 692 0 692 0
343 686 0 686 0
362 724 0 724 0
363 726 0 726 0
367 734 0 734 0
343 686 0 686 0
326 652 0 652 0
310 620 0 620 0
300 600 0 600 0
316 632 0 632 0
308 616 0 616 0
288 576 0 576 0
283 566 0 566 0
272 544 0 544 0
277 554 0 554 0
252 504 0 504 0
254 508 0 508 0
254 508 0 508 0
230 460 0 460 0
215 430 0 430 0
211 422 0 422 0
182 364 0 364 0
164 328 0 328 0
157 314 0 314 0
141 282 0 282 0
141 282 0 282 0
149 298 0 298 0
164 328 0 328 0
157 314 0 314 0
141 282 0 282 0
151 302 0 302 0
142 284 0 284 0
130 260 0 260 0
127 254 0 254 0
119 238 0 238 0
118 236 0 236 0
117 234 0 234 0
92 184 0 184 0
82 164 0 164 0
91 182 0 182 0
73 146 0 146 0
73 146 0 146 0
89 178 0 178 0
92 184 0 184 0
105 210 0 210 0
94 188 0 188 0
89 178 0 178 0
89 178 0 178 0
94 188 0 188 0
92 184 0 184 0
87 174 0 174 0
83 166 0 166 0
90 180 0 180 0
94 188 0 188 0
103 206 0 206 0
98 196 0 196 0
90 180 0 180 0
81 162 0 162 0
84 168 0 168 0
81 162 0 162 0
76 152 0 152 0
94 188 0 188 0
84 168 0 168 0
88 176 0 176 0
85 170 0 170 0
92 184 0 184 0
96 192 0 192 0
95 190 0 190 0
112 224 0 224 0
108 216 0 216 0
89 178 0 178 0
87 174 0 174 0
88 176 0 176 0
87 174 0 174 0
84 168 0 168 0
87 174 0 174 0
89 178 0 178 0
113 226 0 226 0
110 220 0 220 0
112 224 0 224 0
107 214 0 214 0
98 196 0 196 0
98 196 0 196 0
106 212 0 212 0
115 230 0 230 0
102 204 0 204 0
99 198 0 198 0
90 180 0 180 0
85 170 0 170 0
79 158 0 158 0
73 146 0 146 0
64 128 0 128 0
61 122 0 122 0
78 156 0 156 0
82 164 0 164 0
72 144 0 144 0
63 126 0 126 0
66 132 0 132 0
70 140 0 140 0
61 122 0 122 0
72 144 0 144 0
80 160 0 160 0
78 156 0 156 0
72 144 0 144 0
72 144 0 144 0
74 148 0 148 0
84 168 0 168 0
78 156 0 156 0
79 158 0 158 0
69 138 0 138 0
59 118 0 118 0
50 100 0 100 0
38 76 0 76 0
36 72 0 72 0
29 58 0 58 0
27 54 0 54 0
25 50 0 50 0
31 62 0 62 0
28 56 0 56 0
24 48 0 48 0
27 54 0 54 0
33 66 0 66 0
38 76 0 76 0
34 68 0 68 0
39 78 0 78 0
39 78 0 78 0
41 82 0 82 0
34 68 0 68 0
31 62 0 62 0
38 76 0 76 0
38 76 0 76 0
39 78 0 78 0
40 80 0 80 0
38 76 0 76 0
48 96 0 96 0
42 84 0 84 0
47 94 0 94 0
58 116 0 116 0
30 60 0 60 0
33 66 0 66 0
39 78 0 78 0
45 90 0 90 0
35 70 0 70 0
49 98 0 98 0
45 90 0 90 0
39 78 0 78 0
37 74 0 74 0
28 56 0 56 0
26 52 0 52 0
30 60 0 60 0
33 66 0 66 0
39 78 0 78 0
35 70 0 70 0
32 64 0 64 0
39 78 0 78 0
40 80 0 80 0
32 64 0 64 0
30 60 0 60 0
28 56 0 56 0
27 54 0 54 0
30 60 0 60 0
33 66 0 66 0
30 60 0 60 0
29 58 0 58 0
35 70 0 70 0
35 70 0 70 0
32 64 0 64 0
41 82 0 82 0
36 72 0 72 0
35 70 0 70 0
31 62 0 62 0
34 68 0 68 0
24 48 0 48 0
23 46 0 46 0
28 56 0 56 0
35 70 0 70 0
38 76 0 76 0
31 62 0 62 0
26 52 0 52 0
27 54 0 54 0
31 62 0 62 0
34 68 0 68 0
39 78 0 78 0
38 76 0 76 0
43 86 0 86 0
42 84 0 84 0
36 72 0 72 0
30 60 0 60 0
38 76 0 76 0
25 50 0 50 0
26 52 0 52 0
21 42 0 42 0
16 32 0 32 0
9 18 0 18 0
8 16 0 16 0
7 14 0 14 0
5 10 0 10 0
2 4 0 4 0
2 4 0 4 0
3 6 0 6 0
2 4 0 4 0
1 2 0 2 0
0 0 0 0 0
