1003 2006 0 2006 0
988 1976 0 1976 0
990 1980 0 1980 0
1001 2002 0 2002 0
1012 2024 0 2024 0
1013 2026 0 2026 0
1049 2098 0 2098 0
1025 2050 0 2050 0
976 1952 0 1952 0
984 1968 0 1968 0
969 1938 0 1938 0
977 1954 0 1954 0
964 1928 0 1928 0
922 1844 0 1844 0
882 1764 0 1764 0
894 1788 0 1788 0
855 1710 0 1710 0
880 1760 0 1760 0
855 1710 0 1710 0
906 1812 0 1812 0
900 1800 0 1800 0
901 1802 0 1802 0
936 1872 0 1872 0
883 1766 0 1766 0
829 1658 0 1658 0
792 1584 0 1584 0
842 1684 0 1684 0
851 1702 0 1702 0
837 1674 0 1674 0
823 1646 0 1646 0
855 1710 0 1710 0
818 1636 0 1636 0
816 1632 0 1632 0
786 1572 0 1572 0
765 1530 0 1530 0
733 1466 0 1466 0
734 1468 0 1468 0
759 1518 0 1518 0
715 1430 0 1430 0
725 1450 0 1450 0
738 1476 0 1476 0
746 1492 0 1492 0
721 1442 0 1442 0
683 1366 0 1366 0
652 1304 0 1304 0
629 1258 0 1258 0
609 1218 0 1218 0
623 1246 0 1246 0
549 1098 0 1098 0
489 978 0 978 0
488 976 0 976 0
512 1024 0 1024 0
513 1026 0 1026 0
531 1062 0 1062 0
541 1082 0 1082 0
514 1028 0 1028 0
479 958 0 958 0
457 914 0 914 0
452 904 0 904 0
452 904 0 904 0
458 916 0 916 0
462 924 0 924 0
451 902 0 902 0
467 934 0 934 0
457 914 0 914 0
490 980 0 980 0
463 926 0 926 0
451 902 0 902 0
449 898 0 898 0
472 944 0 944 0
440 880 0 880 0
432 864 0 864 0
434 868 0 868 0
407 814 0 814 0
426 852 0 852 0
451 902 0 902 0
468 936 0 936 0
456 912 0 912 0
456 912 0 912 0
417 834 0 834 0
421 842 0 842 0
399 798 0 798 0
391 782 0 782 0
393 786 0 786 0
372 744 0 744 0
377 754 0 754 0
351 702 0 702 0
315 630 0 630 0
337 674 0 674 0
318 636 0 636 0
324 648 0 648 0
344 688 0 688 0
321 642 0 642 0
335 670 0 670 0
329 658 0 658 0
300 600 0 600 0
289 578 0 578 0
244 488 0 488 0
233 466 0 466 0
241 482 0 482 0
242 484 0 484 0
216 432 0 432 0
225 450 0 450 0
200 400 0 400 0
193 386 0 386 0
202 404 0 404 0
183 366 0 366 0
169 338 0 338 0
180 360 0 360 0
185 370 0 370 0
169 338 0 338 0
172 344 0 344 0
166 332 0 332 0
185 370 0 370 0
170 340 0 340 0
176 352 0 352 0
172 344 0 344 0
171 342 0 342 0
166 332 0 332 0
188 376 0 376 0
187 374 0 374 0
190 380 0 380 0
169 338 0 338 0
133 266 0 266 0
114 228 0 228 0
100 200 0 200 0
91 182 0 182 0
92 184 0 184 0
84 168 0 168 0
86 172 0 172 0
91 182 0 182 0
92 184 0 184 0
85 170 0 170 0
100 200 0 200 0
115 230 0 230 0
119 238 0 238 0
114 228 0 228 0
111 222 0 222 0
110 220 0 220 0
141 282 0 282 0
147 294 0 294 0
139 278 0 278 0
116 232 0 232 0
107 214 0 214 0
110 220 0 220 0
120 240 0 240 0
123 246 0 246 0
110 220 0 220 0
102 204 0 204 0
101 202 0 202 0
96 192 0 192 0
85 170 0 170 0
103 206 0 206 0
101 202 0 202 0
113 226 0 226 0
104 208 0 208 0
101 202 0 202 0
89 178 0 178 0
83 166 0 166 0
88 176 0 176 0
100 200 0 200 0
96 192 0 192 0
108 216 0 216 0
117 234 0 234 0
120 240 0 240 0
134 268 0 268 0
136 272 0 272 0
132 264 0 264 0
119 238 0 238 0
124 248 0 248 0
120 240 0 240 0
97 194 0 194 0
88 176 0 176 0
75 150 0 150 0
71 142 0 142 0
78 156 0 156 0
81 162 0 162 0
75 150 0 150 0
78 156 0 156 0
78 156 0 156 0
73 146 0 146 0
94 188 0 188 0
89 178 0 178 0
68 136 0 136 0
75 150 0 150 0
69 138 0 138 0
79 158 0 158 0
99 198 0 198 0
106 212 0 212 0
98 196 0 196 0
109 218 0 218 0
112 224 0 224 0
134 268 0 268 0
121 242 0 242 0
126 252 0 252 0
103 206 0 206 0
112 224 0 224 0
121 242 0 242 0
137 274 0 274 0
143 286 0 286 0
141 282 0 282 0
146 292 0 292 0
148 296 0 296 0
138 276 0 276 0
135 270 0 270 0
132 264 0 264 0
132 264 0 264 0
117 234 0 234 0
115 230 0 230 0
106 212 0 212 0
110 220 0 220 0
111 222 0 222 0
95 190 0 190 0
85 170 0 170 0
67 134 0 134 0
64 128 0 128 0
67 134 0 134 0
62 124 0 124 0
61 122 0 122 0
51 102 0 102 0
37 74 0 74 0
45 90 0 90 0
42 84 0 84 0
39 78 0 78 0
41 82 0 82 0
31 62 0 62 0
30 60 0 60 0
32 64 0 64 0
26 52 0 52 0
36 72 0 72 0
34 68 0 68 0
24 48 0 48 0
26 52 0 52 0
19 38 0 38 0
24 48 0 48 0
29 58 0 58 0
31 62 0 62 0
19 38 0 38 0
15 30 0 30 0
17 34 0 34 0
20 40 0 40 0
24 48 0 48 0
17 34 0 34 0
19 38 0 38 0
17 34 0 34 0
14 28 0 28 0
18 36 0 36 0
19 38 0 38 0
26 52 0 52 0
18 36 0 36 0
19 38 0 38 0
17 34 0 34 0
17 34 0 34 0
16 32 0 32 0
12 24 0 24 0
12 24 0 24 0
14 28 0 28 0
12 24 0 24 0
12 24 0 24 0
12 24 0 24 0
10 20 0 20 0
10 20 0 20 0
10 20 0 20 0
7 14 0 14 0
7 14 0 14 0
1 2 0 2 0
2 4 0 4 0
3 6 0 6 0
3 6 0 6 0
5 10 0 10 0
5 10 0 10 0
4 8 0 8 0
10 20 0 20 0
9 18 0 18 0
13 26 0 26 0
13 26 0 26 0
13 26 0 26 0
13 26 0 26 0
9 18 0 18 0
4 8 0 8 0
2 4 0 4 0
1 2 0 2 0
1 2 0 2 0
3 6 0 6 0
1 2 0 2 0
1 2 0 2 0
1 2 0 2 0
1 2 0 2 0
2 4 0 4 0
0 0 0 0 0
