971 1942 0 1942 0
1005 2010 0 2010 0
1028 2056 0 2056 0
1062 2124 0 2124 0
1039 2078 0 2078 0
1023 2046 0 2046 0
934 1868 0 1868 0
976 1952 0 1952 0
948 1896 0 1896 0
866 1732 0 1732 0
863 1726 0 1726 0
835 1670 0 1670 0
808 1616 0 1616 0
762 1524 0 1524 0
734 1468 0 1468 0
772 1544 0 1544 0
744 1488 0 1488 0
740 1480 0 1480 0
765 1530 0 1530 0
717 1434 0 1434 0
688 1376 0 1376 0
683 1366 0 1366 0
673 1346 0 1346 0
688 1376 0 1376 0
684 1368 0 1368 0
709 1418 0 1418 0
729 1458 0 1458 0
729 1458 0 1458 0
690 1380 0 1380 0
681 1362 0 1362 0
661 1322 0 1322 0
677 1354 0 1354 0
634 1268 0 1268 0
597 1194 0 1194 0
579 1158 0 1158 0
541 1082 0 1082 0
493 986 0 986 0
491 982 0 982 0
440 880 0 880 0
404 808 0 808 0
404 808 0 808 0
403 806 0 806 0
386 772 0 772 0
377 754 0 754 0
373 746 0 746 0
370 740 0 740 0
366 732 0 732 0
343 686 0 686 0
342 684 0 684 0
351 702 0 702 0
347 694 0 694 0
306 612 0 612 0
278 556 0 556 0
272 544 0 544 0
259 518 0 518 0
256 512 0 512 0
251 502 0 502 0
249 498 0 498 0
242 484 0 484 0
211 422 0 422 0
195 390 0 390 0
187 374 0 374 0
184 368 0 368 0
202 404 0 404 0
196 392 0 392 0
207 414 0 414 0
217 434 0 434 0
210 420 0 420 0
203 406 0 406 0
219 438 0 438 0
235 470 0 470 0
213 426 0 426 0
232 464 0 464 0
248 496 0 496 0
239 478 0 478 0
232 464 0 464 0
224 448 0 448 0
213 426 0 426 0
211 422 0 422 0
184 368 0 368 0
204 408 0 408 0
178 356 0 356 0
187 374 0 374 0
175 350 0 350 0
171 342 0 342 0
180 360 0 360 0
179 358 0 358 0
164 328 0 328 0
168 336 0 336 0
193 386 0 386 0
204 408 0 408 0
196 392 0 392 0
196 392 0 392 0
169 338 0 338 0
145 290 0 290 0
150 300 0 300 0
124 248 0 248 0
125 250 0 250 0
100 200 0 200 0
110 220 0 220 0
110 220 0 220 0
103 206 0 206 0
93 186 0 186 0
76 152 0 152 0
70 140 0 140 0
84 168 0 168 0
85 170 0 170 0
89 178 0 178 0
89 178 0 178 0
90 180 0 180 0
85 170 0 170 0
83 166 0 166 0
65 130 0 130 0
68 136 0 136 0
65 130 0 130 0
56 112 0 112 0
63 126 0 126 0
52 104 0 104 0
53 106 0 106 0
52 104 0 104 0
61 122 0 122 0
79 158 0 158 0
71 142 0 142 0
65 130 0 130 0
60 120 0 120 0
67 134 0 134 0
71 142 0 142 0
58 116 0 116 0
64 128 0 128 0
57 114 0 114 0
58 116 0 116 0
60 120 0 120 0
58 116 0 116 0
52 104 0 104 0
62 124 0 124 0
56 112 0 112 0
51 102 0 102 0
58 116 0 116 0
70 140 0 140 0
74 148 0 148 0
56 112 0 112 0
59 118 0 118 0
62 124 0 124 0
57 114 0 114 0
57 114 0 114 0
46 92 0 92 0
45 90 0 90 0
41 82 0 82 0
34 68 0 68 0
32 64 0 64 0
27 54 0 54 0
30 60 0 60 0
31 62 0 62 0
31 62 0 62 0
32 64 0 64 0
29 58 0 58 0
26 52 0 52 0
26 52 0 52 0
33 66 0 66 0
38 76 0 76 0
43 86 0 86 0
36 72 0 72 0
25 50 0 50 0
19 38 0 38 0
11 22 0 22 0
12 24 0 24 0
13 26 0 26 0
10 20 0 20 0
3 6 0 6 0
2 4 0 4 0
4 8 0 8 0
1 2 0 2 0
2 4 0 4 0
0 0 0 0 0
