1014 2028 0 2028 0
1038 2076 0 2076 0
989 1978 0 1978 0
974 1948 0 1948 0
930 1860 0 1860 0
912 1824 0 1824 0
847 1694 0 1694 0
857 1714 0 1714 0
833 1666 0 1666 0
821 1642 0 1642 0
783 1566 0 1566 0
755 1510 0 1510 0
785 1570 0 1570 0
763 1526 0 1526 0
754 1508 0 1508 0
722 1444 0 1444 0
712 1424 0 1424 0
668 1336 0 1336 0
636 1272 0 1272 0
623 1246 0 1246 0
604 1208 0 1208 0
607 1214 0 1214 0
590 1180 0 1180 0
531 1062 0 1062 0
552 1104 0 1104 0
535 1070 0 1070 0
486 972 0 972 0
487 974 0 974 0
466 932 0 932 0
474 948 0 948 0
470 940 0 940 0
464 928 0 928 0
447 894 0 894 0
453 906 0 906 0
476 952 0 952 0
436 872 0 872 0
470 940 0 940 0
478 956 0 956 0
495 990 0 990 0
492 984 0 984 0
500 1000 0 1000 0
479 958 0 958 0
473 946 0 946 0
476 952 0 952 0
469 938 0 938 0
486 972 0 972 0
504 1008 0 1008 0
483 966 0 966 0
492 984 0 984 0
470 940 0 940 0
461 922 0 922 0
439 878 0 878 0
431 862 0 862 0
422 844 0 844 0
384 768 0 768 0
389 778 0 778 0
377 754 0 754 0
350 700 0 700 0
334 668 0 668 0
330 660 0 660 0
308 616 0 616 0
301 602 0 602 0
305 610 0 610 0
295 590 0 590 0
302 604 0 604 0
280 560 0 560 0
256 512 0 512 0
264 528 0 528 0
247 494 0 494 0
255 510 0 510 0
265 530 0 530 0
263 526 0 526 0
263 526 0 526 0
293 586 0 586 0
299 598 0 598 0
322 644 0 644 0
320 640 0 640 0
306 612 0 612 0
283 566 0 566 0
294 588 0 588 0
294 588 0 588 0
305 610 0 610 0
297 594 0 594 0
303 606 0 606 0
262 524 0 524 0
271 542 0 542 0
270 540 0 540 0
255 510 0 510 0
252 504 0 504 0
195 390 0 390 0
179 358 0 358 0
183 366 0 366 0
173 346 0 346 0
152 304 0 304 0
145 290 0 290 0
160 320 0 320 0
159 318 0 318 0
152 304 0 304 0
157 314 0 314 0
167 334 0 334 0
135 270 0 270 0
108 216 0 216 0
107 214 0 214 0
116 232 0 232 0
139 278 0 278 0
129 258 0 258 0
143 286 0 286 0
171 342 0 342 0
169 338 0 338 0
167 334 0 334 0
162 324 0 324 0
150 300 0 300 0
141 282 0 282 0
128 256 0 256 0
101 202 0 202 0
119 238 0 238 0
110 220 0 220 0
91 182 0 182 0
103 206 0 206 0
103 206 0 206 0
99 198 0 198 0
83 166 0 166 0
87 174 0 174 0
81 162 0 162 0
94 188 0 188 0
80 160 0 160 0
75 150 0 150 0
59 118 0 118 0
52 104 0 104 0
46 92 0 92 0
44 88 0 88 0
47 94 0 94 0
39 78 0 78 0
42 84 0 84 0
49 98 0 98 0
48 96 0 96 0
46 92 0 92 0
52 104 0 104 0
54 108 0 108 0
54 108 0 108 0
59 118 0 118 0
62 124 0 124 0
52 104 0 104 0
58 116 0 116 0
67 134 0 134 0
71 142 0 142 0
79 158 0 158 0
64 128 0 128 0
84 168 0 168 0
76 152 0 152 0
80 160 0 160 0
66 132 0 132 0
72 144 0 144 0
71 142 0 142 0
77 154 0 154 0
65 130 0 130 0
80 160 0 160 0
73 146 0 146 0
73 146 0 146 0
83 166 0 166 0
75 150 0 150 0
85 170 0 170 0
76 152 0 152 0
67 134 0 134 0
66 132 0 132 0
69 138 0 138 0
64 128 0 128 0
73 146 0 146 0
69 138 0 138 0
65 130 0 130 0
81 162 0 162 0
99 198 0 198 0
94 188 0 188 0
102 204 0 204 0
110 220 0 220 0
113 226 0 226 0
114 228 0 228 0
95 190 0 190 0
102 204 0 204 0
99 198 0 198 0
108 216 0 216 0
101 202 0 202 0
95 190 0 190 0
113 226 0 226 0
105 210 0 210 0
103 206 0 206 0
97 194 0 194 0
90 180 0 180 0
85 170 0 170 0
81 162 0 162 0
86 172 0 172 0
84 168 0 168 0
93 186 0 186 0
91 182 0 182 0
81 162 0 162 0
86 172 0 172 0
67 134 0 134 0
60 120 0 120 0
45 90 0 90 0
42 84 0 84 0
55 110 0 110 0
63 126 0 126 0
75 150 0 150 0
76 152 0 152 0
71 142 0 142 0
59 118 0 118 0
68 136 0 136 0
62 124 0 124 0
54 108 0 108 0
53 106 0 106 0
60 120 0 120 0
55 110 0 110 0
52 104 0 104 0
55 110 0 110 0
51 102 0 102 0
42 84 0 84 0
45 90 0 90 0
40 80 0 80 0
46 92 0 92 0
56 112 0 112 0
51 102 0 102 0
54 108 0 108 0
55 110 0 110 0
54 108 0 108 0
54 108 0 108 0
47 94 0 94 0
45 90 0 90 0
41 82 0 82 0
39 78 0 78 0
39 78 0 78 0
43 86 0 86 0
51 102 0 102 0
56 112 0 112 0
49 98 0 98 0
48 96 0 96 0
31 62 0 62 0
36 72 0 72 0
34 68 0 68 0
42 84 0 84 0
45 90 0 90 0
54 108 0 108 0
47 94 0 94 0
39 78 0 78 0
43 86 0 86 0
36 72 0 72 0
46 92 0 92 0
39 78 0 78 0
34 68 0 68 0
47 94 0 94 0
44 88 0 88 0
52 104 0 104 0
42 84 0 84 0
34 68 0 68 0
39 78 0 78 0
40 80 0 80 0
35 70 0 70 0
32 64 0 64 0
32 64 0 64 0
37 74 0 74 0
30 60 0 60 0
34 68 0 68 0
31 62 0 62 0
41 82 0 82 0
45 90 0 90 0
55 110 0 110 0
40 80 0 80 0
38 76 0 76 0
51 102 0 102 0
41 82 0 82 0
26 52 0 52 0
30 60 0 60 0
32 64 0 64 0
34 68 0 68 0
32 64 0 64 0
32 64 0 64 0
36 72 0 72 0
43 86 0 86 0
42 84 0 84 0
49 98 0 98 0
47 94 0 94 0
41 82 0 82 0
46 92 0 92 0
43 86 0 86 0
44 88 0 88 0
40 80 0 80 0
43 86 0 86 0
38 76 0 76 0
26 52 0 52 0
27 54 0 54 0
32 64 0 64 0
33 66 0 66 0
32 64 0 64 0
37 74 0 74 0
36 72 0 72 0
40 80 0 80 0
48 96 0 96 0
42 84 0 84 0
35 70 0 70 0
36 72 0 72 0
28 56 0 56 0
23 46 0 46 0
17 34 0 34 0
14 28 0 28 0
13 26 0 26 0
10 20 0 20 0
4 8 0 8 0
5 10 0 10 0
8 16 0 16 0
9 18 0 18 0
6 12 0 12 0
6 12 0 12 0
4 8 0 8 0
4 8 0 8 0
6 12 0 12 0
5 10 0 10 0
8 16 0 16 0
7 14 0 14 0
7 14 0 14 0
7 14 0 14 0
9 18 0 18 0
10 20 0 20 0
14 28 0 28 0
10 20 0 20 0
10 20 0 20 0
14 28 0 28 0
13 26 0 26 0
9 18 0 18 0
7 14 0 14 0
6 12 0 12 0
9 18 0 18 0
12 24 0 24 0
5 10 0 10 0
6 12 0 12 0
2 4 0 4 0
2 4 0 4 0
1 2 0 2 0
0 0 0 0 0
