949 1898 0 1898 0
914 1828 0 1828 0
915 1830 0 1830 0
927 1854 0 1854 0
932 1864 0 1864 0
933 1866 0 1866 0
875 1750 0 1750 0
824 1648 0 1648 0
800 1600 0 1600 0
803 1606 0 1606 0
799 1598 0 1598 0
744 1488 0 1488 0
759 1518 0 1518 0
800 1600 0 1600 0
802 1604 0 1604 0
842 1684 0 1684 0
856 1712 0 1712 0
812 1624 0 1624 0
810 1620 0 1620 0
803 1606 0 1606 0
809 1618 0 1618 0
796 1592 0 1592 0
818 1636 0 1636 0
809 1618 0 1618 0
753 1506 0 1506 0
725 1450 0 1450 0
733 1466 0 1466 0
733 1466 0 1466 0
699 1398 0 1398 0
660 1320 0 1320 0
638 1276 0 1276 0
629 1258 0 1258 0
677 1354 0 1354 0
629 1258 0 1258 0
587 1174 0 1174 0
613 1226 0 1226 0
600 1200 0 1200 0
546 1092 0 1092 0
530 1060 0 1060 0
514 1028 0 1028 0
499 998 0 998 0
475 950 0 950 0
450 900 0 900 0
429 858 0 858 0
417 834 0 834 0
417 834 0 834 0
429 858 0 858 0
383 766 0 766 0
386 772 0 772 0
355 710 0 710 0
348 696 0 696 0
331 662 0 662 0
329 658 0 658 0
296 592 0 592 0
289 578 0 578 0
285 570 0 570 0
268 536 0 536 0
230 460 0 460 0
229 458 0 458 0
213 426 0 426 0
194 388 0 388 0
187 374 0 374 0
171 342 0 342 0
192 384 0 384 0
167 334 0 334 0
138 276 0 276 0
148 296 0 296 0
134 268 0 268 0
137 274 0 274 0
132 264 0 264 0
132 264 0 264 0
124 248 0 248 0
110 220 0 220 0
103 206 0 206 0
104 208 0 208 0
99 198 0 198 0
96 192 0 192 0
100 200 0 200 0
113 226 0 226 0
100 200 0 200 0
91 182 0 182 0
76 152 0 152 0
82 164 0 164 0
79 158 0 158 0
82 164 0 164 0
84 168 0 168 0
90 180 0 180 0
92 184 0 184 0
91 182 0 182 0
91 182 0 182 0
95 190 0 190 0
79 158 0 158 0
80 160 0 160 0
80 160 0 160 0
70 140 0 140 0
65 130 0 130 0
56 112 0 112 0
51 102 0 102 0
65 130 0 130 0
68 136 0 136 0
78 156 0 156 0
68 136 0 136 0
70 140 0 140 0
69 138 0 138 0
67 134 0 134 0
72 144 0 144 0
68 136 0 136 0
79 158 0 158 0
66 132 0 132 0
38 76 0 76 0
40 80 0 80 0
38 76 0 76 0
27 54 0 54 0
36 72 0 72 0
43 86 0 86 0
48 96 0 96 0
57 114 0 114 0
66 132 0 132 0
72 144 0 144 0
85 170 0 170 0
79 158 0 158 0
81 162 0 162 0
83 166 0 166 0
76 152 0 152 0
70 140 0 140 0
60 120 0 120 0
64 128 0 128 0
82 164 0 164 0
70 140 0 140 0
76 152 0 152 0
81 162 0 162 0
84 168 0 168 0
93 186 0 186 0
87 174 0 174 0
91 182 0 182 0
98 196 0 196 0
94 188 0 188 0
94 188 0 188 0
114 228 0 228 0
101 202 0 202 0
90 180 0 180 0
83 166 0 166 0
89 178 0 178 0
85 170 0 170 0
92 184 0 184 0
94 188 0 188 0
86 172 0 172 0
97 194 0 194 0
116 232 0 232 0
116 232 0 232 0
112 224 0 224 0
112 224 0 224 0
120 240 0 240 0
131 262 0 262 0
128 256 0 256 0
113 226 0 226 0
112 224 0 224 0
97 194 0 194 0
105 210 0 210 0
97 194 0 194 0
100 200 0 200 0
101 202 0 202 0
110 220 0 220 0
110 220 0 220 0
116 232 0 232 0
121 242 0 242 0
109 218 0 218 0
105 210 0 210 0
114 228 0 228 0
104 208 0 208 0
126 252 0 252 0
111 222 0 222 0
106 212 0 212 0
91 182 0 182 0
99 198 0 198 0
103 206 0 206 0
90 180 0 180 0
106 212 0 212 0
120 240 0 240 0
115 230 0 230 0
95 190 0 190 0
95 190 0 190 0
98 196 0 196 0
96 192 0 192 0
103 206 0 206 0
101 202 0 202 0
96 192 0 192 0
100 200 0 200 0
94 188 0 188 0
91 182 0 182 0
98 196 0 196 0
98 196 0 196 0
86 172 0 172 0
90 180 0 180 0
79 158 0 158 0
66 132 0 132 0
64 128 0 128 0
63 126 0 126 0
67 134 0 134 0
73 146 0 146 0
71 142 0 142 0
69 138 0 138 0
74 148 0 148 0
73 146 0 146 0
79 158 0 158 0
88 176 0 176 0
92 184 0 184 0
88 176 0 176 0
94 188 0 188 0
87 174 0 174 0
82 164 0 164 0
82 164 0 164 0
72 144 0 144 0
68 136 0 136 0
63 126 0 126 0
63 126 0 126 0
67 134 0 134 0
64 128 0 128 0
49 98 0 98 0
55 110 0 110 0
55 110 0 110 0
59 118 0 118 0
48 96 0 96 0
47 94 0 94 0
46 92 0 92 0
41 82 0 82 0
44 88 0 88 0
53 106 0 106 0
68 136 0 136 0
59 118 0 118 0
59 118 0 118 0
58 116 0 116 0
54 108 0 108 0
45 90 0 90 0
42 84 0 84 0
48 96 0 96 0
51 102 0 102 0
53 106 0 106 0
50 100 0 100 0
55 110 0 110 0
47 94 0 94 0
51 102 0 102 0
40 80 0 80 0
46 92 0 92 0
45 90 0 90 0
29 58 0 58 0
28 56 0 56 0
39 78 0 78 0
36 72 0 72 0
37 74 0 74 0
52 104 0 104 0
64 128 0 128 0
56 112 0 112 0
62 124 0 124 0
67 134 0 134 0
80 160 0 160 0
74 148 0 148 0
87 174 0 174 0
76 152 0 152 0
77 154 0 154 0
75 150 0 150 0
79 158 0 158 0
68 136 0 136 0
69 138 0 138 0
64 128 0 128 0
53 106 0 106 0
55 110 0 110 0
59 118 0 118 0
72 144 0 144 0
74 148 0 148 0
88 176 0 176 0
86 172 0 172 0
91 182 0 182 0
71 142 0 142 0
66 132 0 132 0
60 120 0 120 0
59 118 0 118 0
51 102 0 102 0
46 92 0 92 0
39 78 0 78 0
33 66 0 66 0
31 62 0 62 0
20 40 0 40 0
19 38 0 38 0
19 38 0 38 0
22 44 0 44 0
12 24 0 24 0
13 26 0 26 0
14 28 0 28 0
12 24 0 24 0
10 20 0 20 0
4 8 0 8 0
2 4 0 4 0
4 8 0 8 0
7 14 0 14 0
8 16 0 16 0
9 18 0 18 0
13 26 0 26 0
6 12 0 12 0
6 12 0 12 0
14 28 0 28 0
8 16 0 16 0
7 14 0 14 0
1 2 0 2 0
2 4 0 4 0
1 2 0 2 0
2 4 0 4 0
1 2 0 2 0
0 0 0 0 0
