966 1932 0 1932 0
944 1888 0 1888 0
938 1876 0 1876 0
900 1800 0 1800 0
883 1766 0 1766 0
808 1616 0 1616 0
785 1570 0 1570 0
762 1524 0 1524 0
731 1462 0 1462 0
763 1526 0 1526 0
773 1546 0 1546 0
773 1546 0 1546 0
755 1510 0 1510 0
742 1484 0 1484 0
715 1430 0 1430 0
711 1422 0 1422 0
667 1334 0 1334 0
645 1290 0 1290 0
631 1262 0 1262 0
628 1256 0 1256 0
639 1278 0 1278 0
649 1298 0 1298 0
622 1244 0 1244 0
610 1220 0 1220 0
619 1238 0 1238 0
614 1228 0 1228 0
627 1254 0 1254 0
605 1210 0 1210 0
617 1234 0 1234 0
620 1240 0 1240 0
612 1224 0 1224 0
643 1286 0 1286 0
680 1360 0 1360 0
664 1328 0 1328 0
667 1334 0 1334 0
612 1224 0 1224 0
586 1172 0 1172 0
518 1036 0 1036 0
481 962 0 962 0
495 990 0 990 0
525 1050 0 1050 0
491 982 0 982 0
509 1018 0 1018 0
462 924 0 924 0
455 910 0 910 0
422 844 0 844 0
433 866 0 866 0
464 928 0 928 0
481 962 0 962 0
494 988 0 988 0
489 978 0 978 0
469 938 0 938 0
466 932 0 932 0
476 952 0 952 0
481 962 0 962 0
474 948 0 948 0
443 886 0 886 0
454 908 0 908 0
485 970 0 970 0
507 1014 0 1014 0
556 1112 0 1112 0
561 1122 0 1122 0
523 1046 0 1046 0
454 908 0 908 0
459 918 0 918 0
448 896 0 896 0
470 940 0 940 0
458 916 0 916 0
459 918 0 918 0
453 906 0 906 0
457 914 0 914 0
458 916 0 916 0
439 878 0 878 0
389 778 0 778 0
382 764 0 764 0
387 774 0 774 0
393 786 0 786 0
405 810 0 810 0
445 890 0 890 0
462 924 0 924 0
468 936 0 936 0
471 942 0 942 0
470 940 0 940 0
474 948 0 948 0
487 974 0 974 0
481 962 0 962 0
456 912 0 912 0
435 870 0 870 0
415 830 0 830 0
388 776 0 776 0
414 828 0 828 0
381 762 0 762 0
359 718 0 718 0
331 662 0 662 0
308 616 0 616 0
292 584 0 584 0
306 612 0 612 0
277 554 0 554 0
243 486 0 486 0
246 492 0 492 0
271 542 0 542 0
264 528 0 528 0
265 530 0 530 0
240 480 0 480 0
235 470 0 470 0
226 452 0 452 0
210 420 0 420 0
207 414 0 414 0
197 394 0 394 0
176 352 0 352 0
172 344 0 344 0
146 292 0 292 0
141 282 0 282 0
127 254 0 254 0
132 264 0 264 0
116 232 0 232 0
113 226 0 226 0
119 238 0 238 0
117 234 0 234 0
108 216 0 216 0
128 256 0 256 0
154 308 0 308 0
163 326 0 326 0
143 286 0 286 0
131 262 0 262 0
138 276 0 276 0
142 284 0 284 0
143 286 0 286 0
146 292 0 292 0
148 296 0 296 0
148 296 0 296 0
116 232 0 232 0
103 206 0 206 0
91 182 0 182 0
83 166 0 166 0
85 170 0 170 0
83 166 0 166 0
79 158 0 158 0
76 152 0 152 0
57 114 0 114 0
56 112 0 112 0
55 110 0 110 0
58 116 0 116 0
49 98 0 98 0
42 84 0 84 0
42 84 0 84 0
46 92 0 92 0
46 92 0 92 0
42 84 0 84 0
51 102 0 102 0
40 80 0 80 0
38 76 0 76 0
43 86 0 86 0
46 92 0 92 0
47 94 0 94 0
44 88 0 88 0
38 76 0 76 0
41 82 0 82 0
55 110 0 110 0
48 96 0 96 0
50 100 0 100 0
57 114 0 114 0
58 116 0 116 0
56 112 0 112 0
59 118 0 118 0
52 104 0 104 0
65 130 0 130 0
75 150 0 150 0
70 140 0 140 0
59 118 0 118 0
51 102 0 102 0
57 114 0 114 0
46 92 0 92 0
41 82 0 82 0
35 70 0 70 0
41 82 0 82 0
35 70 0 70 0
31 62 0 62 0
39 78 0 78 0
47 94 0 94 0
49 98 0 98 0
47 94 0 94 0
45 90 0 90 0
53 106 0 106 0
59 118 0 118 0
56 112 0 112 0
65 130 0 130 0
55 110 0 110 0
47 94 0 94 0
51 102 0 102 0
70 140 0 140 0
75 150 0 150 0
58 116 0 116 0
50 100 0 100 0
55 110 0 110 0
46 92 0 92 0
42 84 0 84 0
37 74 0 74 0
34 68 0 68 0
40 80 0 80 0
38 76 0 76 0
31 62 0 62 0
28 56 0 56 0
21 42 0 42 0
17 34 0 34 0
18 36 0 36 0
17 34 0 34 0
18 36 0 36 0
15 30 0 30 0
19 38 0 38 0
14 28 0 28 0
12 24 0 24 0
20 40 0 40 0
27 54 0 54 0
22 44 0 44 0
25 50 0 50 0
26 52 0 52 0
19 38 0 38 0
21 42 0 42 0
22 44 0 44 0
30 60 0 60 0
20 40 0 40 0
19 38 0 38 0
17 34 0 34 0
16 32 0 32 0
15 30 0 30 0
13 26 0 26 0
11 22 0 22 0
12 24 0 24 0
10 20 0 20 0
7 14 0 14 0
7 14 0 14 0
13 26 0 26 0
11 22 0 22 0
11 22 0 22 0
6 12 0 12 0
9 18 0 18 0
9 18 0 18 0
10 20 0 20 0
10 20 0 20 0
7 14 0 14 0
5 10 0 10 0
4 8 0 8 0
5 10 0 10 0
3 6 0 6 0
4 8 0 8 0
4 8 0 8 0
4 8 0 8 0
8 16 0 16 0
9 18 0 18 0
9 18 0 18 0
8 16 0 16 0
9 18 0 18 0
8 16 0 16 0
14 28 0 28 0
15 30 0 30 0
14 28 0 28 0
13 26 0 26 0
13 26 0 26 0
15 30 0 30 0
17 34 0 34 0
10 20 0 20 0
9 18 0 18 0
9 18 0 18 0
9 18 0 18 0
6 12 0 12 0
5 10 0 10 0
9 18 0 18 0
6 12 0 12 0
5 10 0 10 0
5 10 0 10 0
1 2 0 2 0
1 2 0 2 0
0 0 0 0 0
